20.071709574281805
19.804031045614423
19.71867929419865
19.57832744449135
19.58468635060863
19.632200561569825
19.649827572270336
19.69677487753042
19.739338908890645
19.73184448382385
19.772851232053313
19.764803561663747
19.79592531861691
19.79860787541343
19.812939319839412
19.831430349469926
19.82441233009774
19.786747251919703
19.83911943492807
19.850718803686043
19.877242135780495
19.858230304225764
19.860431332685803
19.840055170844362
19.852779813268096
19.88601892886396
19.876538626295986
19.902568477222903
19.94952432021945
19.96653319880007
19.993199964867095
20.004584182666214
19.990882823191168
19.991371181716822
20.0005099748263
20.002526588178746
20.039713553114883
20.029594627859506
20.01098065482393
20.026843769171286
20.05518563913225
20.050484761435992
20.02002041019044
20.05301363897619
20.044067798710763
20.042963015612514
20.045054761045833
20.0484322895904
20.064792300199876
20.042862270322257
20.05407914848671
20.062195120767978
20.070874583655772
20.083358461911264
20.08534775450703
20.063518469919668
20.056210167507754
20.074873659414813
20.042264628769882
20.06810835704192
20.055383714618184
20.08501990542687
20.079350848415757
20.074764376388096
20.08723800935983
20.073531527242906
20.071969121470268
20.08419516008459
20.09921645361674
20.07896323518036
20.09084605678889
20.038337269997125
20.078505612505968
20.061448922601155
20.06566827196093
20.076347272728245
20.077231782225763
20.055492997644905
20.054208922080942
20.090398679398252
20.08708774519809
20.086840150840676
20.0791818012338
20.0986785762196
20.08485085824491
20.04479521385737
20.092338453122537
20.085139433737343
20.057764035543933
20.069122640133664
20.04634908189355
20.063289658582473
20.08980274539317
20.062972054786066
20.0646044699977
20.106360831488573
20.090806783201163
20.089703707650205
20.07245577244863
20.07295437625804
20.091165368132586
20.090398679398252
20.0848303676774
20.073630564985873
20.086442292321525
20.0860837073901
20.079847744677878
20.085516801688986
20.081966810867872
20.079002508768088
20.06746973435452
20.06824666837261
20.089703707650205
20.090897283207664
20.116390964284736
20.11609385105584
20.11905303051375
20.09941452910267
20.11689810583061
20.091552981367986
20.0880422641346
20.100468085782143
20.106389859792547
20.099066189454998
20.11449558679006
20.105385821984555
20.076178225546286
20.077382046387502
20.082832537345173
20.10309087842343
20.086660858374962
20.091920104035875
20.114097728270906
20.0797282163674
20.10583319937519
20.07560961229788
20.099385500798697
20.11406699241964
20.103449463354856
20.07256505547535
20.099692859311347
20.058481205406785
20.123757323304595
20.085108697886078
20.098987642279546
20.10848672786774
20.067321177740073
20.10870529392118
20.08855965096423
20.09710934025779
20.092726066357937
20.086114443241364
20.08376656571417
20.091701537982434
20.099593821568384
20.106637454149958
20.09467437781868
20.088093490553373
20.06135842259465
20.088143009424858
20.10446203889931
20.062473450976658
20.12437374787719
20.08408587705787
20.08482182994094
20.104800133263225
20.08567560358719
20.080773235310414
20.117026171877548
20.091532490800475
20.096532189272924
20.076067234972275
20.09165201911095
20.068127140062135
20.07249675358365
20.09597552885557
20.10219783118945
20.08092179192486
20.07365105555338
20.06373703597311
20.110373567625956
20.09506199105408
20.084442754442
20.08865868870719
20.08433347141528
20.0810720560866
20.091482971928993
20.07534152737296
20.09036965109428
20.09445581176524
20.09212842480556
20.096503160968954
20.05344223334661
20.062384658517445
20.09130367946328
20.09051820770873
20.065379696468497
20.099732132899074
20.091074868126086
20.10544558613979
20.074644848077618
20.03381226967199
20.073162697027726
20.09826193468023
20.094802443865618
20.1015711613331
20.069879083584244
20.075292008501478
20.09326223620778
20.1019587745685
20.077221536942005
20.109608586438913
20.090081075601848
20.077431565258983
20.09636314209097
20.078406574763004
20.101253557536698
20.098620519611657
20.085815622465176
20.109460029824465
20.095111509925562
20.107165086263343
20.10533630311307
20.0739891499173
20.086879424428403
20.11286658667301
20.084125150645598
20.0903201322228
20.15012526859543
20.08345920720152
20.122924040225854
20.086382528166286
20.09577745336964
20.107344378729056
20.099505029109174
20.11841782292094
20.07817776342581
20.102465916114372
20.140605692439724
20.118972775791
20.061259384851688
20.080575159824484
20.08000825412337
20.088788462301423
20.085597056411736
20.08835133019454
20.089097528361368
20.109191944899543
20.092119887069096
20.104422765311583
20.094177481556564
20.104670359668994
20.08778442449343
20.112458482870103
20.104123944535395
20.10034855747167
20.11813949271226
20.09700005723107
20.12243738924749
20.107651737241707
20.108367199557264
20.089007028354864
20.116976653006066
20.0728041120963
20.093402255085767
20.124343012025925
20.090697500174443
20.104989671012692
20.07920229180131
20.10098547261177
20.099752623466586
20.090449905817028
20.112349199843383
20.113085152726452
20.117254983214742
20.116273143521553
20.10816741652404
20.048521082049614
20.085636329999463
20.034899977297314
20.02497912752787
20.03098115626102
20.03618576040857
20.012867494582146
19.999531550227697
19.998732418094804
20.002306314578014
20.02968512786601
20.008207598020906
20.020630004573867
20.032526486560734
20.008965749018778
20.02401094821302
20.003395729750633
20.023213523627422
20.022294863184058
20.015341730608984
20.01777669304809
20.000479238975036
20.020559995134874
20.013316579520076
20.024540287873698
20.027791457918624
20.007647522508964
20.01468432490137
20.01878414595067
20.00054924841403
20.05242624270757
20.03941473233869
20.018843910105907
20.02370188215308
20.02812955228254
20.071670300694077
20.042174128763378
20.011120673701914
20.048959921703787
20.074725102800368
20.07558058399391
20.046110025272597
20.059994092307942
20.084861103528667
20.05310413898269
20.102653746316548
20.06651521541801
20.0484322895904
20.072725564920844
20.066335922952298
20.098181679957484
20.107571482518956
20.07558058399391
20.09315295318106
20.08263275431195
20.045642157314454
20.070843847804507
20.046169789427836
20.07269482906958
20.096552679840435
20.066305187101033
20.107373407033027
20.069928602455725
20.104443255879094
20.101123783942466
20.078823216302375
20.09108511340984
20.076237989701525
20.097595991236155
20.056778780756158
20.085407518662265
20.091722028549942
20.04561312901048
20.099076434738755
20.090221094479833
20.07048526287308
20.107154840979586
20.069520498652818
20.0810720560866
20.088819198152688
20.063598724642414
20.12358998366993
20.09621458547652
20.107253878722553
20.066086621047592
20.11480294530271
20.074764376388096
20.103608265253058
20.075432027379463
20.0718700837273
20.102544463289828
20.072197932807462
20.10661867112974
20.12296331381358
20.09271582107418
20.119022294662486
20.09040892468201
20.132650229603954
20.09203963234635
20.109041680737803
20.12579271967726
20.10744341647202
20.09545984957323
20.112111850769725
20.14526729654826
20.090897283207664
20.111635445075116
20.078643923836662
20.085636329999463
20.081608225936446
20.086093952673853
20.089812990676926
20.06531993231326
20.054627271167604
20.067669517387742
20.067888083441183
20.091074868126086
20.081628716503957
20.06609686633135
20.062842281191838
20.06670475316748
20.066595470140758
20.047744148031523
20.072645310198098
20.048263242408446
20.073948168782277
20.077411074691476
20.11500102078864
20.064095620904535
20.051599789817995
20.085059179014596
20.054637516451358
20.092278688967298
20.06609686633135
20.083688018538716
20.10023927444495
20.086093952673853
20.049776129309603
20.09661244399567
20.058530724278267
20.082146103333585
20.10325992560539
20.0672016494296
20.084593018603744
20.076695612375914
20.103379453915863
20.099117415873774
20.091074868126086
20.090916066227884
20.092695330506672
20.10199804815623
20.074873659414813
20.09330150979551
20.0213283914165
20.090507962424972
20.093620821139208
20.090052047297874
20.100140236701986
20.095876491112605
20.073371017797413
20.080762990026656
20.115865039718646
20.082663490163213
20.09791359503256
20.09397769852334
20.114394841499802
20.10137308584717
20.102991840680463
20.121783398634463
20.09905765171854
20.110115727984788
20.097179349696784
20.05940669603932
20.087178245204594
20.097616481803666
20.10126380282045
20.109856180796328
20.114683416992232
20.091115849261104
20.088013235830626
20.11406699241964
20.10844574673272
20.101482368873892
20.09476317027789
20.096503160968954
20.071410753505617
20.088918235895655
20.10126380282045
20.08846061322126
20.07350079139164
20.075133206603276
20.13500152222573
20.102575199141093
20.103746576583752
20.134267276889954
20.104451793615553
20.10866431278616
20.10972811474939
20.087794669777185
20.10890336940711
20.12573295552202
20.10796934103811
20.08712872633311
20.128570899122163
20.08348823550549
20.09178179270518
20.112557520613066
20.08202657502311
20.085597056411736
20.087685386750465
20.133920644789576
20.125872974400007
20.07957965975295
20.091810821009155
20.09972359516261
20.065459951191244
20.11919134184444
20.12870067271639
20.10226613308115
20.09656292512419
20.10225759534469
20.086233971551838
20.10879408638039
20.101103293374955
20.08691016027967
20.110930228043312
20.081777273118405
20.116520737878968
20.13596287135141
20.090507962424972
20.128203776454274
20.119290379587408
20.091740811570162
20.10950954869595
20.102773274627022
20.127568568861463
20.107800293856155
20.09895690642828
20.0999319159323
20.09279607579693
20.07888298045761
20.062920828367293
20.036523854772486
20.028329335315764
20.044327345899227
20.02994467505447
20.028827939125172
20.036931958575394
20.0627825170366
20.02427049540148
20.016998051482712
20.046917695141953
20.01626039105235
20.007428956455524
20.0321474110618
20.021777476354426
20.035965486807836
20.014373551294135
20.02038070266916
20.024060467084503
20.03749032654004
20.027412382419687
20.035466882998424
20.021167881971003
20.022185580157338
20.050254242551503
20.02631442951061
20.019383495050338
20.031570260076933
20.009484843395697
20.000071135172128
20.005332088380328
20.014154985240694
20.033393920585326
20.049557563256162
20.027082825792235
20.0646044699977
20.062195120767978
20.054208922080942
20.04566264788196
20.053452478630362
20.06614638520283
20.063718252952892
20.07425723484222
20.0431713363822
20.041586732494757
20.038835873806534
20.08846061322126
20.05721591286304
20.085318726203056
20.080325857919778
20.040620260727202
20.066832819214415
20.108783841096635
20.080643461716182
20.07223720639519
20.062504186827923
20.06098105464301
20.087555613156237
20.08191729199639
20.087704169770685
20.055484459908442
20.021108117815768
20.00659908847137
19.982729284869464
20.006909862078604
20.008036843291656
20.034840213142076
20.008835975424546
20.044158298717267
20.05242624270757
20.043142308078227
20.048032723523956
20.05354127108957
20.08048465981798
20.07911179179481
20.06922167787663
20.05808334688763
20.09308294374207
20.04821201598967
20.061976554714537
20.079410612570996
20.05435918624268
20.074366517868942
20.07774916905539
20.06776855513071
20.103171133146176
20.074306753713703
20.11689810583061
20.091711783266188
20.07560961229788
20.074615819773648
20.075432027379463
20.099713349878858
20.0986102743279
20.102843284066015
20.10692602964239
20.099464047974152
19.99072231374567
20.107542454214986
19.96451317035304
20.0275916748854
20.119003511642266
20.043400147719396
20.11289561497698
20.081618471220203
20.120313200415616
20.10124331225294
20.027840976790106
20.087138971616866
20.025247212452793
20.01912394786188
20.055643261806644
20.076506074626447
20.048770383954317
20.071928140335245
20.123767568588352
20.091433453057512
20.06961953639578
20.09247676445323
20.040152392769055
20.11905303051375
20.05828142237356
20.022574900940025
20.07761939546116
20.139256730078646
20.066008073872137
20.14199392838853
20.08846061322126
20.07688344257809
20.076495829342694
20.000540710677566
20.073599829134608
19.97889242610321
20.07080457421678
20.047465817822847
20.07800871624385
20.150948306390415
20.093808651341384
20.056968318505625
20.13157788990426
19.991721228911786
20.10219783118945
20.111157331833216
20.092010604042375
20.16647674146844
20.074805357523115
20.113699869751752
20.07401817822127
20.094853670284394
20.104641331365023
20.01639016464658
20.10459181249354
20.1064001050763
20.033354646997598
20.155606495404363
20.059476705478314
20.085337509223272
20.16338608086901
20.036006467942858
20.031430241198947
20.069252413727895
20.068226177805098
20.126240097067896
20.076615357653168
20.095816726957366
20.06984834773298
20.018874645957172
20.092854132404874
20.150651193161522
20.027711203195878
20.14476186254968
20.111097567677977
20.110462360085165
20.095618651471437
20.05364201637983
20.18942617707968
20.153217636742152
20.03480947729081
20.157162070987834
20.115427907611764
20.133413503243702
20.110204520443997
20.078614895532688
20.041796760811735
20.10731364287779
19.981001247009452
20.183507818163868
20.103727793563532
20.045203317660278
20.164644543223584
20.061886054708037
20.139186720639653
20.03264601487121
20.044506638364936
20.14068594716247
20.058291667657315
20.048182987685696
20.050604289746467
20.10036904803918
20.17316178911859
20.048632072623626
20.073620319702115
20.121942200532665
20.026893288042768
20.112161369641207
20.10934050151399
20.107761020268427
20.19056340357649
20.03296532621491
20.03031350526965
20.097835047857103
20.034700194264094
20.157182561555345
20.08699895273888
20.179875865072713
20.0867206225302
20.021089334795548
20.076287508573007
20.08360776381597
20.10278351991078
20.123509728947184
20.062254884923217
20.06916191372139
20.077182263354278
20.101560916049348
20.03603549624683
20.076506074626447
20.101144274509977
20.10470109552026
20.08593515077565
20.087068962177874
20.07772867848788
20.123887096898827
20.087635867878983
20.072117678084716
20.044306855331715
20.099791897054313
20.074506536746927
20.11469366227599
20.055703025961883
20.0488199028258
20.03884611909029
20.098251689396477
20.02894746743565
20.089753226521687
20.071750555416827
20.038687317192085
20.04119911925936
20.101560916049348
20.04615100640762
20.111872794148773
20.100746415990823
20.058411195967793
20.02582607098495
20.082783018473688
20.0308718732343
20.105167255931114
20.059328148863866
20.018454589323216
20.138204880946464
20.08031561263602
20.06336991330522
20.168001581200645
19.9872764833094
20.044197572304995
20.11905303051375
20.062951564218558
20.04468593083065
20.038337269997125
20.0087557207018
20.016470419369327
19.994928002727107
19.960333094580992
19.95170656565927
19.977113161824423
20.009114305633226
19.998003295400906
19.99895269169554
20.018355551580253
20.02061975929011
20.02338257080938
19.98753603049786
20.022105325434588
20.016140862741874
20.009165532052
20.024509552022433
19.981370077224632
20.016530183524566
20.026693505009543
20.02052925928361
20.031939090292113
20.015012173981532
20.02672424086081
20.053182686158145
19.992730389361657
20.04328061940892
19.99753371989547
20.013835673896995
19.99462747440363
19.999092710573525
20.032476967689252
20.030931637389536
20.000159927631337
20.013106551203098
20.014074730517947
20.05188836531043
20.03396253383373
20.06146770562137
20.04673840267624
20.04581120449641
20.08270276375094
20.065031356820825
20.067430460766793
20.027560939034135
20.07520321604227
20.09203963234635
20.060024828159207
20.091264405875553
20.036264307584023
20.078734423843166
20.10709507682435
20.0636482435139
20.083638499667234
20.066873800349438
20.107393897600538
20.03603549624683
20.077122499199042
20.062642498158613
20.08174824481443
20.05922740357361
20.060432931962115
20.086640367807455
20.08037537679126
20.06896383823546
20.05530516744273
20.056768535472404
20.10292183124147
20.09848050073367
20.092109641785342
20.080276339048293
20.087227764076076
20.0672016494296
20.076087725539786
20.05380081827803
20.074923178286298
20.079719678630937
20.058610979001013
20.05316390313793
20.06891431936398
20.064394441680722
20.093163198464815
20.054458223985645
20.06040219611085
20.082166593901096
20.101074265070984
20.07948062200999
20.039274713460706
20.041217902279577
20.07958990503671
20.085100160149615
20.076953452017083
20.102534218006074
20.06053196970508
20.117225954910772
20.07755109356946
20.072158659219735
20.132540946577233
20.097099094974038
20.065002328516854
20.096035293010807
20.100994010348234
20.104492774750575
20.072624819630587
20.08951416990074
20.0624632056929
20.116172398231296
20.044137808149756
20.089573934055974
20.12697434240367
20.099235236636957
20.079779442786176
20.07058600816334
20.09809288749827
20.08154846178121
20.086054679086125
20.09295487769513
20.073331744209685
20.076237989701525
20.115557681205996
20.087924443371417
20.08175849009819
20.092695330506672
20.08345920720152
20.10402490679243
20.086969924434907
20.11711667188405
20.110810699732838
20.06267323400988
20.085407518662265
20.12582174798123
20.091831311576662
20.065897083298125
20.074585083922383
20.130169163387944
20.096969321379806
20.116749549216163
20.10345970863861
20.10089497260527
20.10802910519335
20.10783102970742
20.097645510107636
20.07078408364927
20.120024624923182
20.077868697365865
20.112747058362537
20.10596297296942
20.108674558069914
20.084751820501946
20.048541572617122
20.105595850301533
20.088489641525236
20.11228089795168
20.078565376661206
20.112239916816662
20.125862729116253
20.076695612375914
20.096711481738637
20.099861906493306
20.105585605017776
20.090507962424972
20.071012894986463
20.127013615991398
20.101651416055848
20.115656718948962
20.11427702073662
20.096224830760274
20.107651737241707
20.112557520613066
20.086362037598775
20.113858671649954
20.116143369927325
20.08387584874089
20.081210367417295
20.10528678424159
20.112489218721368
20.133850635350584
20.078167518142052
20.121663870323985
20.08849988680899
20.108208397659062
20.099494783825417
20.082931575088136
20.09941452910267
20.108952888278594
20.079668452212164
20.07888298045761
20.090617245451693
20.082513226001474
20.106587935278476
20.10979641664109
20.081599688199983
20.098222661092503
20.091612745523225
20.056768535472404
20.09251603804096
20.090837519052428
20.09697956666356
20.045374072389528
20.096750755326365
20.09661244399567
20.082364669387026
20.09382914190889
20.07720275392179
20.09021084919608
20.086800877252948
20.083160386425334
20.1132337093409
20.09212842480556
20.085009660143115
20.07508368773179
20.080575159824484
20.095558887316198
20.10555486916651
20.087755396189458
20.087366075406766
20.078445848350732
20.098550510172664
20.08312965057407
20.05972600738302
20.125961766859216
20.09156322665174
20.09220867952831
20.086293735707077
20.07387986689058
20.07560107456142
20.109777633620872
20.111813029993534
20.113660596164024
20.11228089795168
20.079301329544275
20.106837237183182
20.12274474776014
20.085279452615328
20.08972249067042
20.0942372457118
20.101094755638492
20.119677992822805
20.10950954869595
20.072616281894124
20.083051103398613
20.10150115189411
20.08039586735877
20.078126537007034
20.05752497892298
20.14205369254377
20.074486046179416
20.134753927868317
20.12599079516319
20.103121614274695
20.115081275511386
20.091035594538358
20.093352736214285
20.08866893399095
20.089961547291374
20.127737616043422
20.097973359187797
20.079361093699514
20.103379453915863
20.0787941879984
20.08680941498941
20.131905738984422
20.092645811635187
20.11310393574667
20.094853670284394
20.079381584267022
20.096482670401443
20.071272442174926
20.065072337955847
20.087535122588726
20.09568866091043
20.09093655679539
20.07377058386386
20.08645253760528
20.098530019605153
20.079769197502422
20.089017273638618
20.04784489332178
20.022784929257003
20.038038449220934
20.018983928983893
20.04806345937522
20.013965447491227
20.006469314877137
19.98308957734818
20.01828554214126
20.022276080163838
20.00531159781282
19.988584464535457
19.97648307687349
20.00363478637158
20.030882118518054
20.004532956247438
19.999272003039234
20.01382542861324
20.00104955977073
20.02836860890349
20.0363838358945
20.017228570367198
20.027900740945345
20.05225719552561
19.981959181040548
20.027171618251444
20.02812955228254
20.02128741028148
20.01912394786188
19.962552906061248
20.019612306387533
20.031191184578
20.02765143904064
20.037690109573266
20.020689768729103
20.002157757963566
20.012597702109932
20.0104632679943
20.03016324110791
20.00741871117177
20.039594024804405
20.039015166272247
20.06859500802028
20.084244678956072
20.06531993231326
20.042763232579293
20.052696035179782
20.07514345188703
20.073939631045814
20.076376301032216
20.08846061322126
20.049895657620077
20.068057130623142
20.059367422451594
20.0483417895839
20.052296469113337
20.096860038353086
20.08613322626158
20.080713471155175
20.057615478929485
20.061826290552798
20.026394684233356
20.063578234074907
20.06369776238538
20.066585224857004
20.096622689279428
20.079449886158724
20.0880422641346
20.039812590857846
20.086621584787235
20.07957965975295
20.067580724928533
20.08517870732507
20.07600917836433
20.076973942584594
20.07519297075851
20.094793906129155
20.078406574763004
20.063767771824374
20.08070322587142
20.126021531014455
20.07727105581349
20.11295537913222
20.081410150450516
20.075689867020632
20.082364669387026
20.06165724337084
20.068166413649863
20.075968197229308
20.07037597984636
20.087594886743965
20.10890336940711
20.097387670466468
20.098033123343036
20.07150125351212
20.077610857724697
20.089217056671842
20.11554743592224
20.11788165307109
20.08613322626158
20.11427702073662
20.100964982044264
20.08307159396612
20.125345342286625
20.09856929319288
20.085795131897665
20.09163152854344
20.102385661391626
20.082216112772578
20.070058376049957
20.07361007441836
20.100447595214636
20.110283067619452
20.08998203785888
20.102296868932417
20.089056547226345
20.106301067333337
20.08665061309121
20.10959834115516
20.119519190924603
20.058780026182973
20.115805275563407
20.105892963530426
20.086819660273168
20.119061568250213
20.102117576466703
20.082453461846235
20.114990775504886
20.116887860546857
20.100657623531614
20.125256549827412
20.10174020851506
20.12792715379289
20.128383068919987
20.11646097372373
20.11286658667301
20.133860880634337
20.080624678695965
20.087009198022635
20.10875481279266
20.10420419925814
20.131301267242875
20.090955339815608
20.130228927543182
20.139782654644737
20.1198163041535
20.09963309515611
20.092357236142753
20.11735402095771
20.11190353000004
20.139475296132087
20.140467381109033
20.124085172384756
20.127112653734365
20.11563622838145
20.137371597867723
20.13854297531038
20.121356511811335
20.1297917954363
20.106628916413495
20.101402114151146
20.076386546315973
20.079818716373904
20.056399705257224
20.08865015097073
20.039674279527155
20.059107875263134
20.032616986567238
20.05966624322778
20.070674800622548
20.070536489291857
20.056768535472404
20.00655981488364
20.069769800557523
20.043449666590877
20.042911789193738
20.04555336485524
20.026215391767643
20.055255648571244
20.025247212452793
20.029934429770716
20.058610979001013
20.059567205484814
20.05179957285122
20.047923440497236
20.084671565779196
20.06937194203837
20.036255769847564
20.06813738534589
20.005711163879266
20.044387110054462
20.0431713363822
20.04796442163226
20.059328148863866
20.068803328789965
20.04884039339331
20.04284177975475
20.06742021548304
20.059626969640053
20.077192508638035
20.078456093634486
20.053790572994277
20.054946582511302
20.058371922380065
20.045561902591704
20.068873338228958
20.05524540328749
20.073053414001006
20.077520357718193
20.105039189884177
20.07085409308826
20.084642537475226
20.093590085287943
20.093074406005606
20.08729777351507
20.088330839627034
20.060591733860317
20.05402962961523
20.110899492192047
20.13572552227775
20.06989957415175
20.1038268313065
20.101620680204583
20.051948129465668
20.075271517933967
20.089544905752003
20.05111143129234
20.098033123343036
20.073690329141108
20.125396568705398
20.108367199557264
20.085428009229776
20.118784945588825
20.1162628982378
20.138046079048262
20.107909576882875
20.085865141336658
20.100905217889025
20.1172652284985
20.119529436208357
20.10544558613979
20.08978225482566
20.10672795415646
20.096750755326365
20.10731364287779
20.128273785893267
20.112398718714864
20.11281706780153
20.11768187003787
20.091831311576662
20.08345920720152
20.11293488856471
20.11491222832943
20.100816425429816
20.129781550152547
20.107899331599118
20.102544463289828
20.096791736461384
20.119370634310155
20.094833179716883
20.096482670401443
20.12354900253491
20.102643501032794
20.07418722540323
20.111773756405807
20.085050641278134
20.126159842345146
20.114732935863717
20.09343128338974
20.110919982759558
20.116580502034203
20.098818595097587
20.102991840680463
20.12343118177173
20.080564914540727
20.106220812610587
20.120104879645933
20.10483086911449
20.08947489631301
20.096552679840435
20.12934612559296
20.120284172111646
20.128838984047086
20.108893124123355
20.118475879528884
20.102991840680463
20.118059237989513
20.129713248260845
20.159730222115762
20.11354106785355
20.134554144835093
20.109410510952983
20.09405795324609
20.110542614807912
20.139842418799976
20.12579271967726
20.121247228784615
20.125256549827412
20.095319830695246
20.110006444958067
20.127787134914904
20.094495085352968
20.119787275849525
20.121663870323985
20.106806501331917
20.085337509223272
20.08354799966073
20.130228927543182
20.10376706715126
20.111247831839716
20.104800133263225
20.11212209605348
20.098360972423198
20.080564914540727
20.097705274262875
20.087943226391634
20.13107245590568
20.13854297531038
20.101094755638492
20.07825631060126
20.125107993212964
20.087227764076076
20.114246284885354
20.119430398465393
20.15280099520278
20.12431398372195
20.117324992653735
20.101591651900613
20.111346869582682
20.118605653123115
20.09197986819111
20.12745074809828
20.141954654800802
20.126834323525685
20.131191984216155
20.132353116375057
20.1254648705971
20.08354799966073
20.13336398437222
20.120521521185303
20.127440502814526
20.099692859311347
20.12959371995037
20.11695786998585
20.12594127629171
20.097963113904044
20.147695428798198
20.131608625755526
20.11449558679006
20.087256792380046
20.112229671532905
20.131200521952618
20.141746334031115
20.120898889136946
20.115141039666625
20.105276538957835
20.097268142155993
20.111664473379086
20.09568866091043
20.106260086198315
20.11615361521108
20.12504822905773
20.13594408833119
20.122377625092252
20.101542133029128
20.102356633087652
20.138572003614353
20.112379935694648
20.13037748415763
20.11315345461815
20.112289435688144
20.088072999985865
20.11295537913222
20.10950954869595
20.134832475043773
20.12437374787719
20.13550695622431
20.121593860884992
20.130734361541762
20.129732031281065
20.12054201175281
20.123648040277875
20.080365131507506
20.108336463706
20.114355567912074
20.104451793615553
20.091035594538358
20.11903253994624
20.088619415119464
20.114862709457945
20.125722710238268
20.136954956328353
20.12498846490249
20.131221012520125
20.123718049716867
20.107412680620754
20.12378805915586
20.12633913481086
20.09978165177056
20.08854940568047
20.10426396341338
20.136806399713905
20.10187851984575
20.142787937879543
20.11023354874797
20.107482690059747
20.113202973489635
20.12493894603101
20.111794246973318
20.116689785060924
20.09538984013424
20.104779642695714
20.091959377623603
20.097754793134357
20.143204579418914
20.139425777260605
20.120919379704457
20.104323727568616
20.138771786647577
20.1072436334388
20.082892301500408
20.09495270802736
20.11798922855052
20.102226859493424
20.089732735954176
20.125277040394923
20.119022294662486
20.091503462496505
20.133244456061743
20.113967954676674
20.124303738438197
20.112161369641207
20.094534358940695
20.098987642279546
20.11363156786005
20.117166190755533
20.11916231354047
20.110353077058445
20.08580537718142
20.11651049259521
20.118764455021317
20.090905820944126
20.123202370434534
20.12985155959154
20.09943501967018
20.14192562649683
20.15389211792269
20.11905303051375
20.127747861327176
20.1256236724953
20.1238478233111
20.121752662783198
20.12306235155655
20.12304356853633
20.104492774750575
20.112916105544492
20.09921645361674
20.099424774386424
20.134376559916674
20.11469366227599
20.127549785841246
20.128620417993645
20.12354900253491
20.132074786166378
20.11737451152522
20.139186720639653
20.115388634024036
20.074506536746927
20.069172159005145
20.057137365687584
20.034170854603417
20.042703468424055
20.033583458334796
20.011878824699785
20.022844693412242
20.02154695746994
20.01309630591934
20.008924767883755
20.031290222320962
19.99387956868951
20.014733843772852
19.997554210462976
20.04027192107953
20.01741810811667
20.002757107063236
20.009005022606505
20.024559070893915
20.013036541764105
20.039225194589225
20.021897004664904
20.0262256370514
20.037061732169622
20.004802748719655
20.001379116398184
20.038467043591353
20.029027722158396
20.020659032877838
20.00830663576387
20.050851884103878
20.01165001336259
20.011829305828304
19.997714719908473
20.02538723133078
20.013605155012506
20.01149121146439
20.031290222320962
20.013726390870275
19.998752908662315
20.044895959147627
20.031729061975135
20.06449518697098
20.03834751528088
20.06395730957384
20.032736514877712
20.063549205770933
20.02985417504797
20.041158138124338
20.052207676654128
20.053850337149516
20.057813554415414
20.076126999127514
20.075541310406184
20.06072150745455
20.10838598257748
20.06948122506509
20.07985798996163
20.04796442163226
20.074306753713703
20.081319650444016
20.04953707268865
20.075640348149147
20.029046505178613
20.06349968689945
20.06347919633194
20.09004180201412
20.078643923836662
20.067321177740073
20.09930524607595
20.04894967642003
20.06802810231917
20.050274733119014
20.076914178429355
20.09302317958683
20.105317520092854
20.080604188128454
20.071082904425456
20.13611313551315
20.06020412062492
20.090617245451693
20.129315389741695
20.079321820111787
20.084055141206605
20.099385500798697
20.105544623882757
20.096552679840435
20.10986642608008
20.10762100139044
20.0947836608454
20.05862976202123
20.109996199674313
20.09476317027789
20.077938706804858
20.08113182024184
20.133949673093547
20.09615482132128
20.087943226391634
20.1072436334388
20.126456955574042
20.12038320985461
20.113184190469415
20.122049776012094
20.128661399128664
20.121872191093672
20.10944978454071
20.10325992560539
20.0899325189874
20.107761020268427
20.107393897600538
20.094286764583284
20.089295603847297
20.100597859376375
20.088988245334647
20.07872417855941
20.082583235440467
20.09888860453658
20.072356734705664
20.091433453057512
20.109577850587648
20.11116757711697
20.125475115880853
20.095031255202816
20.092645811635187
20.147924240135392
20.117077398296324
20.08560730169549
20.082304905231787
20.118803728609045
20.125673191366783
20.093590085287943
20.093730104165928
20.129255625586456
20.07857562194496
20.08604443380237
20.105346548396827
20.087466820697024
20.096969321379806
20.11508981324785
20.12666698389102
20.112448237586346
20.117671624754113
20.082663490163213
20.129137804823273
20.1210679363189
20.118525398400365
20.110740690293845
20.140784984905437
20.11006450156601
20.123192125150776
20.128471861379197
20.12750026696976
20.114345322628317
20.09088703792391
20.08991202841989
20.09771551954663
20.08930584913105
20.057683780821186
