-0.2270813 -0.017959595 -9.102234
-0.20744324 -0.006713867 -8.9804535
-0.20768738 -0.010070801 -8.950775
-0.21151733 -0.00289917 -8.926361
-0.2179718 -0.008880615 -8.919662
-0.21534729 -0.011505127 -8.908188
-0.2122345 -0.008636475 -8.913452
-0.20793152 -0.009353638 -8.916077
-0.2074585 -0.010787964 -8.931625
-0.20051575 -0.009353638 -8.942398
-0.21247864 -0.0126953125 -8.945038
-0.20840454 -0.008636475 -8.959381
-0.20983887 -0.015579224 -8.9809265
-0.20649719 -0.01940918 -9.0012665
-0.20314026 -0.017730713 -9.010834
-0.20672607 -0.020599365 -9.019928
-0.2112732 -0.016052246 -9.044815
-0.20887756 -0.022994995 -9.061081
-0.20457458 -0.02180481 -9.081177
-0.20744324 -0.026824951 -9.094818
-0.19906616 -0.024902344 -9.109894
-0.20098877 -0.024429321 -9.121628
-0.20410156 -0.02418518 -9.115158
-0.20625305 -0.019882202 -9.116119
-0.20600891 -0.02418518 -9.1206665
-0.20314026 -0.02897644 -9.122345
-0.20385742 -0.028259277 -9.134064
-0.20481873 -0.025390625 -9.13382
-0.20123291 -0.029449463 -9.135254
-0.20600891 -0.024429321 -9.137894
-0.20578003 -0.023468018 -9.135269
-0.20481873 -0.018447876 -9.145065
-0.20481873 -0.025390625 -9.142197
-0.2024231 -0.028503418 -9.147232
-0.1993103 -0.0287323 -9.148422
-0.19955444 -0.027786255 -9.151779
-0.20195007 -0.03112793 -9.162064
-0.20051575 -0.025390625 -9.157043
-0.20674133 -0.022994995 -9.151291
-0.1993103 -0.026351929 -9.1465
-0.2033844 -0.018692017 -9.157761
-0.20649719 -0.02418518 -9.151291
-0.19763184 -0.03327942 -9.172348
-0.19859314 -0.036392212 -9.193161
-0.20361328 -0.03137207 -9.225464
-0.19979858 -0.036636353 -9.250595
-0.2033844 -0.036392212 -9.253464
-0.1993103 -0.04046631 -9.275238
-0.19189453 -0.0385437 -9.300369
-0.19332886 -0.043807983 -9.300842
-0.19955444 -0.037109375 -9.29248
-0.19332886 -0.03591919 -9.277161
-0.19381714 -0.036392212 -9.253708
-0.20146179 -0.029220581 -9.254669
-0.19525146 -0.032562256 -9.255859
-0.19644165 -0.03137207 -9.253464
-0.19668579 -0.029220581 -9.226196
-0.20002747 -0.02897644 -9.208969
-0.19859314 -0.030654907 -9.212067
-0.20098877 -0.035202026 -9.231445
-0.19500732 -0.0385437 -9.262314
-0.19763184 -0.037582397 -9.299408
-0.193573 -0.042373657 -9.330032
-0.19596863 -0.041900635 -9.347977
-0.198349 -0.04069519 -9.369995
-0.19525146 -0.048599243 -9.386261
-0.19476318 -0.041900635 -9.398468
-0.19429016 -0.039505005 -9.404938
-0.19070435 -0.050750732 -9.417374
-0.1904602 -0.04548645 -9.429581
-0.19740295 -0.04284668 -9.431961
-0.19572449 -0.04524231 -9.423828
-0.1926117 -0.039505005 -9.414505
-0.19380188 -0.04978943 -9.408768
-0.19021606 -0.048355103 -9.408035
-0.19070435 -0.041656494 -9.403488
-0.19548035 -0.042617798 -9.389618
-0.19093323 -0.04046631 -9.378616
-0.19238281 -0.048355103 -9.369522
-0.19476318 -0.042617798 -9.373108
-0.19979858 -0.04093933 -9.376694
-0.19572449 -0.044525146 -9.378845
-0.19332886 -0.045959473 -9.378128
-0.19548035 -0.044296265 -9.374069
-0.19140625 -0.042617798 -9.357559
-0.19619751 -0.03878784 -9.322372
-0.19166565 -0.033050537 -9.304428
-0.193573 -0.032318115 -9.284332
-0.20146179 -0.03327942 -9.271652
-0.19500732 -0.030166626 -9.263519
-0.19308472 -0.033996582 -9.252747
-0.19668579 -0.036636353 -9.255386
-0.19332886 -0.036392212 -9.274277
-0.19093323 -0.03878784 -9.310425
-0.19644165 -0.039505005 -9.336502
-0.19668579 -0.0435791 -9.368805
-0.198349 -0.04046631 -9.374069
-0.19525146 -0.04573059 -9.385788
-0.19285583 -0.039505005 -9.366165
-0.19476318 -0.037826538 -9.337219
-0.19236755 -0.03807068 -9.330032
-0.18687439 -0.034713745 -9.317841
-0.19787598 -0.03303528 -9.307785
-0.19644165 -0.034713745 -9.319031
-0.19285583 -0.04093933 -9.331955
-0.19070435 -0.04046631 -9.355392
-0.20074463 -0.039260864 -9.36377
-0.19668579 -0.034484863 -9.355164
-0.19812012 -0.044052124 -9.356125
-0.18902588 -0.04118347 -9.350616
-0.18878174 -0.042129517 -9.337448
-0.19500732 -0.042373657 -9.340317
-0.19189453 -0.042373657 -9.346298
-0.19165039 -0.043807983 -9.359467
-0.18925476 -0.043807983 -9.384354
-0.19142151 -0.04093933 -9.398239
-0.19476318 -0.043807983 -9.406601
-0.193573 -0.04069519 -9.400864
-0.19404602 -0.04118347 -9.3793335
-0.19525146 -0.04333496 -9.374786
-0.19906616 -0.044525146 -9.375259
-0.19691467 -0.044052124 -9.370468
-0.193573 -0.04118347 -9.378616
-0.18878174 -0.04548645 -9.396561
-0.19404602 -0.046920776 -9.400864
-0.19189453 -0.044769287 -9.410675
-0.19189453 -0.043563843 -9.421677
-0.18591309 -0.043807983 -9.423599
-0.18710327 -0.044052124 -9.403015
-0.1926117 -0.046920776 -9.376221
-0.19572449 -0.036392212 -9.388428
-0.19308472 -0.045959473 -9.396561
-0.19165039 -0.044296265 -9.404694
-0.19117737 -0.03878784 -9.388657
-0.19308472 -0.04118347 -9.3628235
-0.19308472 -0.039733887 -9.342239
-0.19572449 -0.036865234 -9.320221
-0.19859314 -0.033050537 -9.301804
-0.1952362 -0.03543091 -9.292465
-0.19381714 -0.02897644 -9.275955
-0.19285583 -0.03327942 -9.265671
-0.19740295 -0.030166626 -9.256332
-0.1993103 -0.030883789 -9.243423
-0.20266724 -0.029220581 -9.233841
-0.19978333 -0.0287323 -9.228821
-0.20051575 -0.0337677 -9.225235
-0.19978333 -0.03112793 -9.220688
-0.20074463 -0.024429321 -9.215897
-0.19596863 -0.0287323 -9.208725
-0.19619751 -0.0287323 -9.203461
-0.20074463 -0.028259277 -9.196518
-0.19906616 -0.029449463 -9.209915
-0.2002716 -0.027297974 -9.218536
-0.20170593 -0.029220581 -9.227631
-0.19691467 -0.0287323 -9.237198
-0.20098877 -0.026824951 -9.230728
-0.19883728 -0.034240723 -9.241028
-0.20266724 -0.031845093 -9.233124
-0.20433044 -0.032806396 -9.229538
-0.20314026 -0.031845093 -9.227386
-0.20098877 -0.025390625 -9.225235
-0.19812012 -0.030166626 -9.219009
-0.1993103 -0.029449463 -9.238632
-0.19812012 -0.037109375 -9.265427
-0.2002716 -0.034484863 -9.296295
-0.19787598 -0.042373657 -9.323578
-0.19380188 -0.042129517 -9.333862
-0.20051575 -0.041885376 -9.346542
-0.19572449 -0.04093933 -9.337936
-0.2002716 -0.037353516 -9.344635
-0.19165039 -0.04118347 -9.360184
-0.19548035 -0.044052124 -9.365692
-0.19404602 -0.03591919 -9.366165
-0.18855286 -0.04333496 -9.367126
-0.193573 -0.042617798 -9.368317
-0.19476318 -0.041900635 -9.351578
-0.19404602 -0.044769287 -9.338409
-0.19117737 -0.03614807 -9.350861
-0.18998718 -0.04260254 -9.3510895
-0.19525146 -0.042617798 -9.368317
-0.19166565 -0.043807983 -9.371429
-0.19763184 -0.03807068 -9.363525
-0.19142151 -0.039978027 -9.342239
-0.19572449 -0.03591919 -9.315918
-0.1993103 -0.036636353 -9.296295
-0.19572449 -0.03567505 -9.275009
-0.19308472 -0.03831482 -9.263763
-0.20195007 -0.029693604 -9.252502
-0.20074463 -0.036392212 -9.2608795
-0.20051575 -0.03543091 -9.274765
-0.19309998 -0.036392212 -9.288406
-0.19381714 -0.036392212 -9.303955
-0.19308472 -0.03567505 -9.324539
-0.19213867 -0.04046631 -9.350372
-0.19189453 -0.042144775 -9.377655
-0.19189453 -0.041412354 -9.395355
-0.18687439 -0.051940918 -9.414978
-0.19213867 -0.050750732 -9.427658
-0.19285583 -0.041412354 -9.438675
-0.1926117 -0.04548645 -9.457336
-0.18927002 -0.049560547 -9.465469
-0.18304443 -0.048599243 -9.468582
-0.19380188 -0.048355103 -9.457336
-0.18998718 -0.05003357 -9.456619
-0.19787598 -0.049072266 -9.455902
-0.19644165 -0.04788208 -9.456863
-0.18638611 -0.0473938 -9.472656
-0.18759155 -0.044769287 -9.478867
-0.18663025 -0.051956177 -9.480545
-0.18710327 -0.046920776 -9.485809
-0.18974304 -0.053146362 -9.4817505
-0.18687439 -0.051467896 -9.485565
-0.19189453 -0.050994873 -9.499207
-0.18544006 -0.05003357 -9.498489
-0.1885376 -0.048599243 -9.499451
-0.18328857 -0.048599243 -9.503281
-0.18232727 -0.049545288 -9.504227
-0.18136597 -0.044769287 -9.502075
-0.1894989 -0.045959473 -9.494904
-0.18759155 -0.046676636 -9.490601
-0.18089294 -0.04788208 -9.4913025
-0.18806458 -0.050994873 -9.498489
-0.18974304 -0.05529785 -9.492264
-0.19572449 -0.06295776 -9.494186
-0.19165039 -0.058883667 -9.494659
-0.19883728 -0.05769348 -9.503281
-0.1976471 -0.061035156 -9.499924
-0.193573 -0.065582275 -9.499924
-0.19668579 -0.057922363 -9.504471
-0.19572449 -0.06008911 -9.504715
-0.19572449 -0.0622406 -9.504715
-0.19142151 -0.06199646 -9.4987335
-0.19548035 -0.05505371 -9.490356
-0.19955444 -0.054092407 -9.479828
-0.19644165 -0.05697632 -9.484375
-0.19812012 -0.05458069 -9.479584
-0.19572449 -0.054336548 -9.488678
-0.193573 -0.05769348 -9.493469
-0.19740295 -0.058410645 -9.494415
-0.19787598 -0.058166504 -9.497528
-0.1926117 -0.05529785 -9.506866
-0.1993103 -0.057922363 -9.507111
-0.19500732 -0.060806274 -9.5035095
-0.1945343 -0.058639526 -9.501358
-0.19859314 -0.05960083 -9.491791
-0.19787598 -0.0524292 -9.454468
-0.19619751 -0.05480957 -9.432922
-0.20385742 -0.054336548 -9.430542
-0.20074463 -0.05529785 -9.439865
-0.20074463 -0.05529785 -9.436752
-0.19883728 -0.056732178 -9.450638
-0.19812012 -0.057678223 -9.455658
-0.20051575 -0.049072266 -9.452072
-0.20385742 -0.044525146 -9.426712
-0.19978333 -0.04763794 -9.397034
-0.2024231 -0.045715332 -9.382202
-0.20123291 -0.047164917 -9.379562
-0.19812012 -0.054092407 -9.388901
-0.20002747 -0.049316406 -9.417862
-0.20098877 -0.051467896 -9.435806
-0.2024231 -0.048355103 -9.449432
-0.19404602 -0.058166504 -9.459244
-0.19715881 -0.060562134 -9.468826
-0.19429016 -0.056259155 -9.475052
-0.19429016 -0.04978943 -9.481262
-0.19715881 -0.058639526 -9.480545
-0.19644165 -0.05744934 -9.489151
-0.19715881 -0.05769348 -9.497772
-0.1894989 -0.058883667 -9.494904
-0.19500732 -0.06535339 -9.500641
-0.19476318 -0.056488037 -9.497543
-0.19500732 -0.0622406 -9.496338
-0.19500732 -0.05482483 -9.497299
-0.19979858 -0.055770874 -9.492752
-0.19500732 -0.056259155 -9.497528
-0.19165039 -0.05458069 -9.493469
-0.1926117 -0.05984497 -9.503998
-0.19189453 -0.06367493 -9.505905
-0.19955444 -0.058410645 -9.516205
-0.19451904 -0.06199646 -9.52002
-0.19380188 -0.056015015 -9.523132
-0.19691467 -0.05529785 -9.520981
-0.19213867 -0.061523438 -9.514999
-0.19429016 -0.06222534 -9.526016
-0.19404602 -0.058654785 -9.527924
-0.19787598 -0.05744934 -9.530075
-0.1945343 -0.06367493 -9.528885
-0.19619751 -0.06463623 -9.528168
-0.19691467 -0.058639526 -9.528168
-0.19404602 -0.06199646 -9.534149
-0.19142151 -0.05769348 -9.523376
-0.1945343 -0.061523438 -9.5073395
-0.19093323 -0.055770874 -9.4700165
-0.19596863 -0.044769287 -9.425751
-0.2002716 -0.04284668 -9.393692
-0.1993103 -0.039260864 -9.357071
-0.20410156 -0.03352356 -9.316879
-0.20433044 -0.034957886 -9.296051
-0.19715881 -0.039031982 -9.28624
-0.2024231 -0.034469604 -9.25705
-0.20123291 -0.035202026 -9.242935
-0.20983887 -0.03327942 -9.235992
-0.21008301 -0.032318115 -9.231689
-0.20697021 -0.03591919 -9.213745
-0.20098877 -0.02848816 -9.194595
-0.20625305 -0.030883789 -9.182159
-0.19955444 -0.034957886 -9.191254
-0.20674133 -0.030899048 -9.185272
-0.20697021 -0.027542114 -9.184799
-0.20481873 -0.027297974 -9.188141
-0.21270752 -0.036636353 -9.186951
-0.20529175 -0.032806396 -9.181442
-0.20960999 -0.03112793 -9.171631
-0.20768738 -0.024902344 -9.155121
-0.20840454 -0.030883789 -9.140045
-0.2112732 -0.02394104 -9.140045
-0.21438599 -0.02897644 -9.146515
-0.2131958 -0.026824951 -9.1465
-0.20600891 -0.024658203 -9.152008
-0.2043457 -0.024429321 -9.159195
-0.2050476 -0.020111084 -9.169952
-0.19787598 -0.022277832 -9.178574
-0.19859314 -0.022506714 -9.168274
-0.19859314 -0.025619507 -9.173309
-0.20123291 -0.031845093 -9.186707
-0.19548035 -0.030166626 -9.184311
-0.20266724 -0.024902344 -9.189331
-0.19691467 -0.03112793 -9.190292
-0.19525146 -0.03112793 -9.195084
-0.20195007 -0.028503418 -9.197952
-0.20649719 -0.024902344 -9.191483
-0.19619751 -0.032089233 -9.191254
-0.19955444 -0.030166626 -9.188141
-0.19955444 -0.023956299 -9.184311
-0.19812012 -0.029693604 -9.190781
-0.20217896 -0.02178955 -9.183838
-0.20217896 -0.025863647 -9.185745
-0.20195007 -0.026824951 -9.180008
-0.20195007 -0.029449463 -9.179764
-0.19908142 -0.027542114 -9.179047
-0.19908142 -0.026824951 -9.173309
-0.2002716 -0.024673462 -9.176895
-0.2002716 -0.024902344 -9.1740265
-0.20362854 -0.02178955 -9.176651
-0.19668579 -0.027786255 -9.177856
-0.19812012 -0.026824951 -9.182388
-0.20266724 -0.030883789 -9.180481
-0.19476318 -0.030410767 -9.180481
-0.2002716 -0.0287323 -9.179764
-0.2033844 -0.020111084 -9.172348
-0.20217896 -0.022750854 -9.175934
-0.20410156 -0.022521973 -9.176651
-0.19715881 -0.028015137 -9.172104
-0.20146179 -0.02848816 -9.185989
-0.20385742 -0.029449463 -9.214218
-0.19906616 -0.036865234 -9.262329
-0.20481873 -0.0385437 -9.301804
-0.19691467 -0.042617798 -9.340332
-0.19668579 -0.049316406 -9.371429
-0.19093323 -0.04763794 -9.393448
-0.20051575 -0.047164917 -9.420242
-0.19404602 -0.045959473 -9.442261
-0.18615723 -0.05505371 -9.465225
-0.193573 -0.051467896 -9.487015
-0.18974304 -0.05050659 -9.479111
-0.19142151 -0.05026245 -9.490112
-0.19021606 -0.053375244 -9.501846
-0.18687439 -0.049545288 -9.507584
-0.19070435 -0.0524292 -9.5238495
-0.18974304 -0.0572052 -9.523376
-0.18878174 -0.05744934 -9.527435
-0.19165039 -0.051712036 -9.527924
-0.18806458 -0.050750732 -9.535339
-0.1856842 -0.055541992 -9.5355835
-0.18830872 -0.056732178 -9.543243
-0.19140625 -0.05458069 -9.541565
-0.18734741 -0.05290222 -9.542038
-0.17778015 -0.051712036 -9.546112
-0.18663025 -0.051467896 -9.542038
-0.18566895 -0.051467896 -9.538681
-0.18208313 -0.05265808 -9.551132
-0.18328857 -0.051467896 -9.550888
-0.18136597 -0.053146362 -9.548981
-0.18638611 -0.0572052 -9.553055
-0.19404602 -0.05960083 -9.549942
-0.19332886 -0.063186646 -9.557114
-0.1926117 -0.063186646 -9.551132
-0.19644165 -0.058883667 -9.549698
-0.1976471 -0.055526733 -9.558548
-0.19787598 -0.061035156 -9.555923
-0.19093323 -0.06845093 -9.554245
-0.19715881 -0.05935669 -9.555923
-0.198349 -0.055770874 -9.551376
-0.19142151 -0.060562134 -9.546585
-0.19787598 -0.061035156 -9.5568695
-0.19380188 -0.061035156 -9.555435
-0.193573 -0.06439209 -9.559509
-0.19381714 -0.06008911 -9.555679
-0.18998718 -0.06390381 -9.551849
-0.18806458 -0.05937195 -9.5568695
-0.19619751 -0.061035156 -9.562866
-0.19500732 -0.058883667 -9.5563965
-0.19332886 -0.062942505 -9.559982
-0.19189453 -0.06271362 -9.564529
-0.19165039 -0.065826416 -9.565491
-0.19429016 -0.06271362 -9.570282
-0.19619751 -0.063186646 -9.570038
-0.19500732 -0.06463623 -9.568832
-0.19308472 -0.06295776 -9.565735
-0.19236755 -0.06869507 -9.564056
-0.19309998 -0.062469482 -9.567642
-0.19619751 -0.06845093 -9.566925
-0.19451904 -0.06941223 -9.571472
-0.19213867 -0.07084656 -9.569321
-0.19763184 -0.056732178 -9.5681305
-0.19332886 -0.06199646 -9.5686035
-0.19525146 -0.06535339 -9.566452
-0.19451904 -0.058883667 -9.56955
-0.19380188 -0.06439209 -9.567886
-0.19070435 -0.0710907 -9.569077
-0.18902588 -0.06463623 -9.569794
-0.19332886 -0.06510925 -9.570984
-0.19309998 -0.061523438 -9.5729065
-0.19644165 -0.06750488 -9.5686035
-0.19285583 -0.06367493 -9.5729065
-0.19117737 -0.06607056 -9.580093
-0.19404602 -0.06654358 -9.579849
-0.19285583 -0.070129395 -9.582962
-0.19572449 -0.063186646 -9.591095
-0.18855286 -0.063186646 -9.585114
-0.19500732 -0.05769348 -9.594925
-0.19787598 -0.06462097 -9.591095
-0.19404602 -0.06175232 -9.5937195
-0.1945343 -0.058166504 -9.591095
-0.1926117 -0.061523438 -9.589661
-0.18902588 -0.06390381 -9.5889435
-0.19500732 -0.05769348 -9.592758
-0.19787598 -0.06008911 -9.601379
-0.19332886 -0.059127808 -9.595642
-0.18998718 -0.06439209 -9.597076
-0.18902588 -0.0670166 -9.591339
-0.19668579 -0.06367493 -9.600662
-0.193573 -0.059127808 -9.595154
-0.19451904 -0.061279297 -9.593246
-0.19166565 -0.057922363 -9.591095
-0.19836426 -0.05935669 -9.592529
-0.19117737 -0.06437683 -9.595886
-0.19668579 -0.06439209 -9.592529
-0.20123291 -0.05769348 -9.593246
-0.18974304 -0.063430786 -9.598984
-0.18687439 -0.063201904 -9.607849
-0.19429016 -0.068222046 -9.602341
-0.20266724 -0.06486511 -9.600662
-0.19572449 -0.067733765 -9.590851
-0.18734741 -0.06367493 -9.592056
-0.19093323 -0.05744934 -9.593002
-0.19429016 -0.06295776 -9.598984
-0.1926117 -0.056488037 -9.598984
-0.19644165 -0.06199646 -9.603775
-0.19476318 -0.06271362 -9.602341
-0.18759155 -0.06486511 -9.596115
-0.19021606 -0.061035156 -9.597076
-0.19213867 -0.065826416 -9.603287
-0.1894989 -0.06629944 -9.593964
-0.18687439 -0.06199646 -9.597549
-0.1926117 -0.06439209 -9.603302
-0.193573 -0.063186646 -9.602585
-0.18927002 -0.06390381 -9.607605
-0.193573 -0.05935669 -9.610001
-0.1926117 -0.063186646 -9.604965
-0.19093323 -0.06295776 -9.608322
-0.19236755 -0.058166504 -9.605698
-0.18710327 -0.063430786 -9.606415
-0.19189453 -0.06439209 -9.599701
-0.18927002 -0.058883667 -9.591339
-0.18830872 -0.06199646 -9.596359
-0.19285583 -0.06869507 -9.613342
-0.1894989 -0.06726074 -9.604492
-0.18830872 -0.06510925 -9.607605
-0.19883728 -0.060562134 -9.606171
-0.1945343 -0.061279297 -9.606888
-0.1885376 -0.06248474 -9.6059265
-0.18878174 -0.06654358 -9.606644
-0.1885376 -0.06820679 -9.6102295
-0.19404602 -0.06845093 -9.609512
-0.19021606 -0.06367493 -9.600433
-0.19404602 -0.059127808 -9.600906
-0.198349 -0.06199646 -9.613098
-0.18615723 -0.06629944 -9.613342
-0.18878174 -0.05935669 -9.608566
-0.19476318 -0.061279297 -9.605209
-0.19236755 -0.06295776 -9.601624
-0.18806458 -0.065826416 -9.592758
-0.19117737 -0.065826416 -9.598022
-0.18782043 -0.05960083 -9.6011505
-0.1904602 -0.06629944 -9.600906
-0.1993103 -0.05697632 -9.603302
-0.18830872 -0.06629944 -9.602341
-0.19691467 -0.059127808 -9.600189
-0.19189453 -0.058883667 -9.595642
-0.18806458 -0.05458069 -9.593002
-0.19548035 -0.0622406 -9.591568
-0.18974304 -0.06271362 -9.587738
-0.19787598 -0.060562134 -9.594681
-0.1856842 -0.060791016 -9.587021
-0.19332886 -0.060317993 -9.591812
-0.18974304 -0.058883667 -9.593002
-0.19619751 -0.060073853 -9.604248
-0.19213867 -0.058395386 -9.603302
-0.19404602 -0.06414795 -9.6054535
-0.19500732 -0.06008911 -9.605209
-0.19332886 -0.062469482 -9.6054535
-0.19238281 -0.06439209 -9.601379
-0.18974304 -0.0670166 -9.611908
-0.19525146 -0.068222046 -9.613586
-0.18927002 -0.067977905 -9.607849
-0.18400574 -0.06199646 -9.610718
-0.18878174 -0.06390381 -9.599716
-0.19332886 -0.06486511 -9.606888
-0.19093323 -0.06893921 -9.612869
-0.193573 -0.06703186 -9.608566
-0.19308472 -0.063186646 -9.609756
-0.19165039 -0.06535339 -9.606171
-0.19477844 -0.058639526 -9.598511
-0.19142151 -0.058883667 -9.600189
-0.19165039 -0.06462097 -9.603058
-0.19740295 -0.060562134 -9.607132
-0.19285583 -0.05935669 -9.604736
-0.19142151 -0.0670166 -9.609039
-0.18566895 -0.0660553 -9.609756
-0.19309998 -0.063186646 -9.607117
-0.19213867 -0.05984497 -9.611908
-0.19859314 -0.060073853 -9.608322
-0.19142151 -0.06941223 -9.608795
-0.19093323 -0.07133484 -9.610001
-0.18663025 -0.06414795 -9.611908
-0.18400574 -0.06463623 -9.613342
-0.19308472 -0.06439209 -9.616928
-0.18638611 -0.065826416 -9.616943
-0.1945343 -0.06439209 -9.622192
-0.1904602 -0.06199646 -9.616699
-0.19332886 -0.06486511 -9.621246
-0.19117737 -0.068222046 -9.614059
-0.19381714 -0.063186646 -9.611664
-0.18663025 -0.06678772 -9.6176605
-0.18974304 -0.06726074 -9.617416
-0.18615723 -0.067733765 -9.617889
-0.18974304 -0.070373535 -9.611191
-0.19070435 -0.07420349 -9.613586
-0.19165039 -0.067489624 -9.612152
-0.19381714 -0.061279297 -9.608322
-0.19332886 -0.060562134 -9.610718
-0.18806458 -0.06607056 -9.609756
-0.19572449 -0.06846619 -9.610474
-0.18734741 -0.068222046 -9.616699
-0.18615723 -0.06750488 -9.614777
-0.18759155 -0.06678772 -9.615021
-0.1926117 -0.065582275 -9.610947
-0.18902588 -0.06774902 -9.615982
-0.19021606 -0.06535339 -9.616699
-0.18759155 -0.07060242 -9.612396
-0.19381714 -0.06414795 -9.614304
-0.18855286 -0.06941223 -9.614059
-0.19429016 -0.06439209 -9.610947
-0.18782043 -0.065826416 -9.615738
-0.19189453 -0.06535339 -9.615982
-0.18328857 -0.065338135 -9.610962
-0.18591309 -0.065338135 -9.618607
-0.18878174 -0.063186646 -9.618851
-0.1894989 -0.068222046 -9.618134
-0.18782043 -0.06175232 -9.625076
-0.18638611 -0.06750488 -9.621246
-0.19093323 -0.07084656 -9.612381
-0.19165039 -0.06941223 -9.611191
-0.18855286 -0.06916809 -9.615265
-0.18878174 -0.07133484 -9.614532
-0.19093323 -0.06510925 -9.614059
-0.18734741 -0.06726074 -9.613831
-0.18806458 -0.06367493 -9.608795
-0.18544006 -0.05960083 -9.608322
-0.19165039 -0.06654358 -9.611435
-0.19308472 -0.0670166 -9.609756
-0.19476318 -0.0572052 -9.600662
-0.19644165 -0.06008911 -9.600662
-0.193573 -0.06462097 -9.599472
-0.19476318 -0.05769348 -9.599228
-0.18806458 -0.06175232 -9.587982
-0.19309998 -0.05529785 -9.594208
-0.19548035 -0.058883667 -9.597794
-0.19070435 -0.06271362 -9.597076
-0.18855286 -0.063186646 -9.594437
-0.18830872 -0.06367493 -9.597549
-0.19525146 -0.060073853 -9.605209
-0.18998718 -0.06916809 -9.604965
-0.18998718 -0.06439209 -9.605209
-0.1894989 -0.06199646 -9.607117
-0.18638611 -0.07156372 -9.610718
-0.19142151 -0.06869507 -9.612396
-0.1894989 -0.06295776 -9.606171
-0.19238281 -0.05984497 -9.610001
-0.19070435 -0.06367493 -9.602585
-0.18328857 -0.06462097 -9.613113
-0.19189453 -0.065582275 -9.6054535
-0.1926117 -0.058166504 -9.6011505
-0.19021606 -0.05529785 -9.597549
-0.18806458 -0.054336548 -9.593491
-0.18663025 -0.05744934 -9.591812
-0.19021606 -0.059127808 -9.596832
-0.18927002 -0.060806274 -9.602097
-0.19165039 -0.060806274 -9.602341
-0.18615723 -0.06439209 -9.6059265
-0.1885376 -0.065826416 -9.609039
-0.18759155 -0.057922363 -9.611191
-0.19142151 -0.06535339 -9.607605
-0.19332886 -0.067977905 -9.608795
-0.19332886 -0.06750488 -9.608566
-0.18927002 -0.06390381 -9.613342
-0.19117737 -0.06893921 -9.610947
-0.1828003 -0.06271362 -9.615982
-0.19285583 -0.0660553 -9.615021
-0.18663025 -0.067733765 -9.621002
-0.18663025 -0.061035156 -9.623642
-0.1945343 -0.057922363 -9.628906
-0.1904602 -0.06462097 -9.622208
-0.18687439 -0.06510925 -9.619339
-0.19476318 -0.065582275 -9.620773
-0.18806458 -0.0622406 -9.616211
-0.18806458 -0.06439209 -9.6176605
-0.193573 -0.06367493 -9.622437
-0.19213867 -0.06845093 -9.624359
-0.19619751 -0.06439209 -9.621002
-0.18855286 -0.06654358 -9.614777
-0.18687439 -0.06295776 -9.621246
-0.19021606 -0.06510925 -9.613586
-0.18638611 -0.06726074 -9.614059
-0.18902588 -0.06462097 -9.614548
-0.18734741 -0.06535339 -9.617889
-0.18734741 -0.06271362 -9.616699
-0.18925476 -0.06510925 -9.617889
-0.18615723 -0.063186646 -9.618378
-0.19404602 -0.06486511 -9.621246
-0.18710327 -0.065338135 -9.616699
-0.1878357 -0.0670166 -9.616699
-0.19380188 -0.06629944 -9.621475
-0.18566895 -0.06463623 -9.6219635
-0.19166565 -0.059127808 -9.627945
-0.18974304 -0.06391907 -9.623627
-0.18830872 -0.061035156 -9.623398
-0.19093323 -0.0622406 -9.618607
-0.1945343 -0.06510925 -9.617416
-0.18687439 -0.06486511 -9.620041
-0.19021606 -0.06462097 -9.621719
-0.19213867 -0.06629944 -9.622681
-0.18806458 -0.06295776 -9.621246
-0.19548035 -0.06439209 -9.616211
-0.19142151 -0.060806274 -9.614777
-0.1894989 -0.063430786 -9.618607
-0.1885376 -0.065826416 -9.614548
-0.18974304 -0.06367493 -9.617172
-0.19070435 -0.065826416 -9.617416
-0.18591309 -0.0670166 -9.618362
-0.18519592 -0.065338135 -9.624359
-0.18615723 -0.06295776 -9.621719
-0.19309998 -0.06271362 -9.626984
-0.19236755 -0.063186646 -9.624115
-0.1837616 -0.06677246 -9.623154
-0.18638611 -0.06271362 -9.6262665
-0.18544006 -0.06367493 -9.618607
-0.18399048 -0.058410645 -9.623398
-0.19021606 -0.06893921 -9.6176605
-0.18974304 -0.06535339 -9.620285
-0.18615723 -0.06439209 -9.617416
-0.1847229 -0.061523438 -9.618851
-0.18759155 -0.06150818 -9.617889
-0.18638611 -0.0622406 -9.621719
-0.19238281 -0.06295776 -9.623398
-0.18878174 -0.06726074 -9.623871
-0.18640137 -0.06535339 -9.622208
-0.18566895 -0.060317993 -9.626038
-0.1885376 -0.063430786 -9.620529
-0.18830872 -0.06462097 -9.620529
-0.18902588 -0.063430786 -9.608566
-0.18759155 -0.061279297 -9.6059265
-0.19094849 -0.05937195 -9.603302
-0.1894989 -0.0572052 -9.596588
-0.19381714 -0.056259155 -9.596115
-0.19380188 -0.058410645 -9.591568
-0.18687439 -0.06248474 -9.587021
-0.19189453 -0.060317993 -9.587982
-0.19070435 -0.057922363 -9.591324
-0.18638611 -0.06295776 -9.586075
-0.19285583 -0.060317993 -9.592285
-0.19668579 -0.060562134 -9.591324
-0.1904602 -0.061279297 -9.590134
-0.1926117 -0.06390381 -9.602341
-0.19740295 -0.060562134 -9.6011505
-0.1993103 -0.058654785 -9.602814
-0.19070435 -0.057922363 -9.605682
-0.18663025 -0.060317993 -9.600418
-0.19117737 -0.058166504 -9.60257
-0.18998718 -0.0622406 -9.615494
-0.19332886 -0.06678772 -9.613113
-0.19236755 -0.0622406 -9.6102295
-0.19070435 -0.06510925 -9.615265
-0.19117737 -0.065826416 -9.618378
-0.18759155 -0.06510925 -9.620529
-0.18687439 -0.06463623 -9.616211
-0.19142151 -0.06462097 -9.615738
-0.19285583 -0.063430786 -9.607834
-0.19308472 -0.063430786 -9.613098
-0.1847229 -0.06390381 -9.614548
-0.1894989 -0.06750488 -9.617172
-0.19093323 -0.065826416 -9.617416
-0.18902588 -0.0622406 -9.616455
-0.19309998 -0.06845093 -9.614304
-0.19381714 -0.057922363 -9.620529
-0.18998718 -0.065582275 -9.620758
-0.19142151 -0.058883667 -9.617889
-0.19213867 -0.065582275 -9.613342
-0.19117737 -0.060562134 -9.612625
-0.18495178 -0.06367493 -9.615021
-0.19021606 -0.06607056 -9.611679
-0.18997192 -0.06629944 -9.618134
-0.19021606 -0.058410645 -9.617889
-0.18998718 -0.06629944 -9.611435
-0.18927002 -0.065338135 -9.616699
-0.18974304 -0.06678772 -9.614304
-0.19093323 -0.06439209 -9.6214905
-0.1894989 -0.065582275 -9.617416
-0.18974304 -0.06629944 -9.619812
-0.1856842 -0.06199646 -9.617645
-0.19285583 -0.0710907 -9.6176605
-0.1847229 -0.058883667 -9.618378
-0.19429016 -0.060791016 -9.615738
-0.19117737 -0.060317993 -9.614792
-0.18759155 -0.05937195 -9.621246
-0.18544006 -0.063186646 -9.622681
-0.18591309 -0.06175232 -9.619812
-0.18878174 -0.06607056 -9.620041
-0.19189453 -0.060562134 -9.623154
-0.18925476 -0.06439209 -9.622681
-0.19308472 -0.061279297 -9.6262665
-0.19021606 -0.06462097 -9.617416
-0.1904602 -0.063201904 -9.621002
-0.18711853 -0.056243896 -9.620041
-0.18710327 -0.06463623 -9.623642
-0.1894989 -0.06199646 -9.625549
-0.18734741 -0.06750488 -9.623642
-0.18566895 -0.06462097 -9.619812
-0.18328857 -0.0622406 -9.620529
-0.19332886 -0.06462097 -9.626984
-0.18687439 -0.058883667 -9.630096
-0.1894989 -0.06390381 -9.623154
-0.18328857 -0.05960083 -9.622681
-0.19094849 -0.061035156 -9.627228
-0.18495178 -0.06463623 -9.622437
-0.18615723 -0.065582275 -9.6214905
-0.19189453 -0.06222534 -9.626755
-0.18663025 -0.06390381 -9.625793
-0.1904602 -0.061035156 -9.6176605
-0.19787598 -0.060562134 -9.606644
-0.19381714 -0.05984497 -9.582474
-0.19309998 -0.055770874 -9.587265
-0.193573 -0.060562134 -9.587738
-0.19213867 -0.06199646 -9.588455
-0.19812012 -0.058654785 -9.594452
-0.193573 -0.060791016 -9.591812
-0.19812012 -0.05480957 -9.600189
-0.19308472 -0.06295776 -9.601868
-0.19189453 -0.06893921 -9.606644
-0.18925476 -0.06510925 -9.610474
-0.18878174 -0.065582275 -9.604248
-0.18663025 -0.060073853 -9.6059265
-0.19715881 -0.06462097 -9.611664
-0.1878357 -0.067977905 -9.613586
-0.18902588 -0.063430786 -9.606644
-0.1904602 -0.06726074 -9.613098
-0.19332886 -0.06750488 -9.615738
-0.18974304 -0.061523438 -9.614304
-0.19093323 -0.07084656 -9.615982
-0.19093323 -0.06439209 -9.614304
-0.1904602 -0.065826416 -9.616699
-0.19285583 -0.058883667 -9.616211
-0.1926117 -0.06463623 -9.611435
-0.18759155 -0.06199646 -9.615982
-0.19189453 -0.06199646 -9.609283
-0.18399048 -0.063430786 -9.601624
-0.20002747 -0.054107666 -9.603775
-0.19093323 -0.060562134 -9.598267
-0.18974304 -0.063430786 -9.602585
-0.18902588 -0.056732178 -9.594208
-0.18998718 -0.054092407 -9.591339
-0.193573 -0.061279297 -9.594681
-0.19142151 -0.05935669 -9.593735
-0.19308472 -0.057922363 -9.599472
-0.19644165 -0.05505371 -9.599472
-0.1926117 -0.063430786 -9.598511
-0.20051575 -0.056015015 -9.606644
-0.193573 -0.06654358 -9.606415
-0.19332886 -0.058410645 -9.609512
-0.1854248 -0.065338135 -9.604019
-0.18902588 -0.06439209 -9.606888
-0.19165039 -0.06390381 -9.602814
-0.19021606 -0.0660553 -9.6059265
-0.18710327 -0.06629944 -9.611908
-0.19548035 -0.067733765 -9.612869
-0.19021606 -0.068222046 -9.617416
-0.1894989 -0.06678772 -9.619568
-0.18638611 -0.063186646 -9.613586
-0.18830872 -0.06199646 -9.620041
-0.1894989 -0.063430786 -9.613831
-0.18925476 -0.06271362 -9.625305
-0.19093323 -0.06750488 -9.610001
-0.1894989 -0.06678772 -9.621246
-0.18447876 -0.06486511 -9.614777
-0.18855286 -0.0670166 -9.615494
-0.19332886 -0.058883667 -9.612152
-0.18638611 -0.063430786 -9.6219635
-0.18925476 -0.063186646 -9.621002
-0.18566895 -0.06414795 -9.623398
-0.18734741 -0.06199646 -9.624115
-0.18734741 -0.062469482 -9.620041
-0.19189453 -0.06390381 -9.615494
-0.19236755 -0.07131958 -9.616928
-0.18544006 -0.063430786 -9.614777
-0.18974304 -0.06486511 -9.614059
-0.18927002 -0.063430786 -9.614777
-0.18687439 -0.06607056 -9.61908
-0.18878174 -0.06271362 -9.622192
-0.19093323 -0.058883667 -9.628189
-0.19213867 -0.063430786 -9.623627
-0.18759155 -0.06439209 -9.615509
-0.18974304 -0.065582275 -9.623398
-0.18663025 -0.06510925 -9.614548
-0.19021606 -0.06750488 -9.612152
-0.19117737 -0.060791016 -9.608078
-0.19525146 -0.06367493 -9.612625
-0.18734741 -0.05697632 -9.613342
-0.18974304 -0.06535339 -9.615738
-0.18663025 -0.061279297 -9.615738
-0.18615723 -0.063430786 -9.607605
-0.18687439 -0.06390381 -9.616943
-0.18710327 -0.0622406 -9.618134
-0.1885376 -0.06367493 -9.613815
-0.19093323 -0.058166504 -9.612381
-0.18351746 -0.06367493 -9.617416
-0.18782043 -0.06295776 -9.612869
-0.18734741 -0.0660553 -9.611435
-0.19236755 -0.059127808 -9.612396
-0.19236755 -0.061523438 -9.609039
-0.19285583 -0.06462097 -9.606644
-0.18782043 -0.062469482 -9.614548
-0.18638611 -0.06510925 -9.610718
-0.18902588 -0.065582275 -9.610001
-0.19213867 -0.065582275 -9.607605
-0.1894989 -0.06367493 -9.617889
-0.19236755 -0.065826416 -9.614777
-0.18830872 -0.06295776 -9.619812
-0.19332886 -0.06271362 -9.619568
-0.1894989 -0.063430786 -9.618851
-0.18544006 -0.061523438 -9.614548
-0.18806458 -0.06845093 -9.620041
-0.18447876 -0.061523438 -9.623398
-0.18902588 -0.06678772 -9.617889
-0.18902588 -0.06295776 -9.618134
-0.18974304 -0.06607056 -9.619095
-0.18591309 -0.06941223 -9.615738
-0.18878174 -0.06175232 -9.610718
-0.18951416 -0.06271362 -9.616455
-0.19070435 -0.06271362 -9.614304
-0.18734741 -0.06439209 -9.614059
-0.18902588 -0.067733765 -9.615738
-0.18974304 -0.06678772 -9.615982
-0.18902588 -0.06295776 -9.608322
-0.19117737 -0.06607056 -9.610001
-0.18759155 -0.06654358 -9.603058
-0.18974304 -0.05769348 -9.603058
-0.19429016 -0.056732178 -9.604004
-0.19236755 -0.05984497 -9.601624
-0.19093323 -0.06462097 -9.606644
-0.19021606 -0.061035156 -9.608322
-0.18663025 -0.065582275 -9.615021
-0.19380188 -0.06150818 -9.611908
-0.19021606 -0.065826416 -9.609283
-0.19142151 -0.06918335 -9.609756
-0.19285583 -0.05984497 -9.606171
-0.18878174 -0.06439209 -9.603058
-0.19117737 -0.060562134 -9.606644
-0.19165039 -0.06535339 -9.610962
-0.19021606 -0.06486511 -9.606888
-0.19189453 -0.070373535 -9.609039
-0.18974304 -0.06820679 -9.608566
-0.18925476 -0.057922363 -9.612152
-0.19093323 -0.06678772 -9.598984
-0.19070435 -0.060562134 -9.607117
-0.18615723 -0.06414795 -9.613342
-0.18974304 -0.06414795 -9.600662
-0.19093323 -0.065582275 -9.610962
-0.19165039 -0.06869507 -9.609039
-0.193573 -0.06391907 -9.609039
-0.19213867 -0.06486511 -9.605682
-0.1894989 -0.060562134 -9.605698
-0.18855286 -0.065826416 -9.611191
-0.19715881 -0.065826416 -9.608322
-0.19213867 -0.065582275 -9.602585
-0.18663025 -0.0622406 -9.613113
-0.18759155 -0.06175232 -9.606644
-0.1904602 -0.06629944 -9.60498
-0.1885376 -0.0670166 -9.607849
-0.18878174 -0.05935669 -9.611435
-0.1926117 -0.0660553 -9.607361
-0.1894989 -0.059127808 -9.607361
-0.19236755 -0.06271362 -9.613586
-0.18830872 -0.06367493 -9.608795
-0.1837616 -0.061035156 -9.616455
-0.18544006 -0.062469482 -9.614777
-0.19021606 -0.067977905 -9.609528
-0.18615723 -0.06845093 -9.610001
-0.18878174 -0.06654358 -9.617172
-0.19093323 -0.058654785 -9.619095
-0.19381714 -0.06271362 -9.623398
-0.18855286 -0.058639526 -9.628418
-0.18663025 -0.06175232 -9.627228
-0.19236755 -0.0670166 -9.619324
-0.18855286 -0.06367493 -9.6219635
-0.1904602 -0.061035156 -9.631058
-0.19189453 -0.061279297 -9.6262665
-0.1926117 -0.062469482 -9.620041
-0.1904602 -0.060806274 -9.628906
-0.18878174 -0.06295776 -9.623154
-0.18830872 -0.05984497 -9.627945
-0.18566895 -0.065826416 -9.637756
-0.18400574 -0.06008911 -9.630814
-0.19070435 -0.062469482 -9.625793
-0.18830872 -0.05984497 -9.617416
-0.18710327 -0.06607056 -9.600418
-0.19236755 -0.06629944 -9.608078
-0.1926117 -0.058883667 -9.601624
-0.1904602 -0.06750488 -9.609756
-0.19142151 -0.061035156 -9.616455
-0.19189453 -0.070129395 -9.608551
-0.18806458 -0.0622406 -9.609756
-0.19093323 -0.065338135 -9.610245
-0.19165039 -0.065826416 -9.6064
-0.19093323 -0.06486511 -9.606171
-0.19070435 -0.06462097 -9.603302
-0.18830872 -0.06750488 -9.6054535
-0.19117737 -0.06916809 -9.607605
-0.1894989 -0.062469482 -9.607361
-0.19213867 -0.0660553 -9.611664
-0.19189453 -0.0660553 -9.612869
-0.18591309 -0.06390381 -9.623154
-0.18782043 -0.0670166 -9.614777
-0.18855286 -0.060317993 -9.616699
-0.18998718 -0.06846619 -9.620285
-0.19429016 -0.06510925 -9.607361
-0.19093323 -0.067733765 -9.611191
-0.18495178 -0.06726074 -9.615265
-0.18566895 -0.060791016 -9.618378
-0.1878357 -0.06607056 -9.617645
-0.19572449 -0.06271362 -9.607605
-0.19166565 -0.06414795 -9.606644
-0.18615723 -0.06414795 -9.595154
-0.19189453 -0.06199646 -9.598022
-0.1904602 -0.05984497 -9.603775
-0.18902588 -0.060791016 -9.613831
-0.19070435 -0.06629944 -9.610718
-0.19021606 -0.065582275 -9.603302
-0.19093323 -0.05960083 -9.600189
-0.19021606 -0.059127808 -9.604965
-0.18638611 -0.06463623 -9.608566
-0.19476318 -0.06510925 -9.624359
-0.18615723 -0.06295776 -9.614548
-0.18998718 -0.06199646 -9.613815
-0.18734741 -0.060562134 -9.630325
-0.1894989 -0.05935669 -9.617416
-0.18687439 -0.06222534 -9.613586
-0.1945343 -0.058883667 -9.617645
-0.19166565 -0.05769348 -9.619568
-0.19476318 -0.054336548 -9.612625
-0.19429016 -0.06248474 -9.608078
-0.18878174 -0.058410645 -9.607132
-0.19189453 -0.05960083 -9.620758
-0.19189453 -0.06845093 -9.618362
-0.18734741 -0.063186646 -9.617889
-0.18257141 -0.061279297 -9.624832
-0.19238281 -0.061279297 -9.624115
-0.18759155 -0.060562134 -9.621002
-0.1894989 -0.058654785 -9.626022
-0.19165039 -0.06439209 -9.625076
-0.19021606 -0.06414795 -9.621246
-0.18423462 -0.06295776 -9.617416
-0.19691467 -0.05960083 -9.624832
-0.18734741 -0.06629944 -9.629379
-0.18663025 -0.06367493 -9.621475
-0.18806458 -0.06008911 -9.628662
-0.18925476 -0.06414795 -9.621002
-0.18255615 -0.060806274 -9.616928
-0.18591309 -0.06462097 -9.624115
-0.19070435 -0.06654358 -9.617172
-0.18759155 -0.06510925 -9.621719
