0.0
18.325447062015694
18.32544706201569
18.256822529260457
18.185238706049184
18.116111368055556
18.076639235481757
18.075963379954857
18.0580251458309
18.055717038104902
18.072594313318078
18.137564694696053
18.180994734151234
18.230176903685372
18.351361271752594
18.427911841304358
18.495124022337794
18.55031323809121
18.628456962099076
18.65459372313131
18.67844376567836
18.699355412733773
18.733382042167502
18.762625088250786
18.786659042501825
18.812218278179216
18.839403128076967
18.870423232877545
18.905392429608373
18.9269648645444
18.95746549515783
18.982957400475733
18.996745450256963
19.00521102009424
19.002945942676746
19.00936665086844
18.98182426968066
18.985064195454612
18.97570525654165
18.978784435290283
18.975653966347878
18.985028949800423
18.982390783877914
18.99124842023462
18.996345060462478
19.00270118673784
18.998352732564697
18.993297350612764
19.00414950901539
19.010281824774967
19.033204096277082
19.03243929408262
19.03192497809396
19.044252449465997
19.050093937752788
19.051203120049713
19.044655946730302
19.03761454021619
19.028691229008622
19.02542148892706
19.020194531596257
19.021344205307877
19.02561588759366
19.031001924806553
19.024283784391315
19.026717273107515
19.030808493261006
19.033851845330748
19.032458507802513
19.034911646404048
19.034432126508076
19.047156878145913
19.049666627587
19.042549681086513
19.038763333783685
19.04615682788622
19.05263609818985
19.055474736305904
19.06378367265375
19.071593309342337
19.068101444347192
19.071722410815717
19.07649311251933
19.08150311325486
19.079957430639105
19.088080530773563
19.090554590958355
19.096613539364714
19.09227031998825
19.097788781734195
19.1001754662664
19.10879591096296
19.095407864314208
19.10688268936063
19.108548455475038
19.111051415908094
19.088885953293428
19.077574417794644
19.067880595108186
19.05874220452737
19.063358541570462
19.073864182362463
19.072560311205542
19.070600981554346
19.068344906655824
19.067172258604394
19.063326847786563
19.063864349659745
19.06055964122907
19.052371011295982
19.05088217734809
19.05515414752902
19.055886927748116
19.0640932682014
19.06430710492052
19.064266911364367
19.074490788416664
19.07491916571629
19.088392386329623
19.098869003923657
19.102899540706858
19.098161980789875
19.1123804706665
19.117095581613757
19.129202498247047
19.12769367375158
19.139703829904594
19.15033330133717
19.150410966078542
19.15419865678285
19.164380003625173
19.155207616936515
19.159702563230947
19.162948917224043
19.14020073849616
19.142883868119366
19.15771043266166
19.163466051662613
19.166004952466437
19.16844653638216
19.169614139147484
19.180970800495896
19.182128944863397
19.186858322920603
19.189306277343235
19.190328400811293
19.184822396040655
19.18282731946262
19.190289233093537
19.182761802040936
19.186264441508392
19.18285069346418
19.191917591534583
19.197524454639016
19.201189274018574
19.195981123885275
19.204922411553692
19.2054979899739
19.205834044304336
19.20608480239636
19.204471074221473
19.201338567607248
19.196707005857085
19.18315291982401
19.16949154725759
19.170196836699354
19.177165323847962
19.16293373754007
19.163982297619413
19.164092149155813
19.16324152156447
19.14995468628241
19.143820051791685
19.148132547660538
19.146193559337547
19.147617469815714
19.13999145350135
19.12271881519876
19.12505469395246
19.128923987954543
19.121487240294098
19.109099391568254
19.103614065971897
19.105956726051748
19.10388658983419
19.101723859805013
19.100354177826237
19.102256443993408
19.10087507911641
19.09944215277496
19.103235092346633
19.10803668110938
19.114110280131598
19.111479866284768
19.114529274846277
19.112371124278898
19.108938750501206
19.097409101816968
19.098676035427005
19.111429424856038
19.12070059078132
19.123301534607194
19.122561277261795
19.119020661056865
19.127665753036148
19.136955934320603
19.142548239451852
19.139534920172135
19.13204100904149
19.137408947640246
19.14154307756642
19.139353194670928
19.12896944539148
19.12852771236146
19.126421097607242
19.127646739868414
19.128680118591735
19.139063174777192
19.156212153864242
19.172718024897645
19.17690492708185
19.185968585506938
19.197089369630092
19.19848678182739
19.20363940055943
19.22241411480243
19.21787879665941
19.215188427748725
19.22671874853723
19.215643237336074
19.203066574384582
19.210594087392884
19.205414234945604
19.210317686401616
19.205590390180493
19.210020637337756
19.209834159747093
19.198840412313707
19.20708004998214
19.207260787048448
19.21380830508619
19.225975708365016
19.224215961306285
19.220970387806545
19.219567649265993
19.228046149940553
19.224363254880064
19.235047769502703
19.239273150370774
19.242923845053177
19.239808395922868
19.24062298238462
19.250773216238933
19.25895744311933
19.25405750168732
19.23525596176647
19.247889242689958
19.248453928450353
19.2596464783227
19.263856369731297
19.26925398696194
19.27180107069576
19.2716089306489
19.27565505276948
19.277241802509703
19.269454004802668
19.269174024089473
19.27936644588879
19.26271840108056
19.267125588746314
19.271978427743054
19.272646047493684
19.270915143626475
19.29430716495677
19.29078794958442
19.29352220870331
19.286942337620033
19.286046245135132
19.28305545746759
19.281667934188164
19.273919348647105
19.28088917594023
19.28319321248219
19.287037015286863
19.293607627545402
19.29939440986978
19.304202732150458
19.30730614112628
19.30482112675652
19.293523844864936
19.307999622119592
19.30792963093023
19.297993151172786
19.288900438489016
19.299802332489435
19.281572675865096
19.279855371566686
19.273721104282505
19.2762401028007
19.285050401462158
19.27558529782253
19.26825802205424
19.279908451991748
19.278828475379566
19.280066843010815
19.28764352075677
19.273623245301835
19.274102136927862
19.271780414813225
19.255033986907236
19.2525072645051
19.26365744548542
19.256193163965662
19.25470685245038
19.26239229977279
19.269935788790413
19.27618688642512
19.27138973200863
19.26358798147632
19.272740970433535
19.270181561027186
19.26711581336185
19.27188856889361
19.2687394226281
19.26692899139759
19.26771569820621
19.267770689335467
19.2646681738955
19.265680628581833
19.274297379899078
19.264255973844783
19.25948857197499
19.26529919107886
19.257725658200382
19.256175848069553
19.25651409084061
19.25362602798949
19.258436976991202
19.258137886276515
19.262234788038228
19.260986315980922
19.271652566413753
19.273557033338314
19.27020515464274
19.26556876257212
19.26993321001903
19.277086431460575
19.25465162986278
19.23289126016773
19.20649426744884
19.18885787319119
19.1917496954455
19.188715789076188
19.18513472703769
19.173408338142774
19.17555725015386
19.179640482616385
19.179433313751204
19.18000730102345
19.17177947626878
19.16453286931936
19.161173624087283
19.16450525934156
19.15098627185798
19.151899027806646
19.14379748396348
19.141628409339333
19.15114651422224
19.15429998051778
19.147379350034928
19.163710293361397
19.155209519364206
19.154781492335864
19.146663862796068
19.173856070990404
19.188819439831164
19.20314510689948
19.207841708330765
19.217729263750194
19.23123801654016
19.225834261201012
19.213170468227247
19.22513936553581
19.22316344841903
19.226031869746105
19.233206503959103
19.238917679212065
19.23757717544019
19.239429707470144
19.252922268229344
19.252157075212608
19.26309593726304
19.25151931918466
19.25728536481088
19.26627199513438
19.255597276223888
19.25893107396169
19.254800137094087
19.255009002969818
19.25673948480226
19.25733490443962
19.26066017415564
19.26078642362542
19.266555343856794
19.267275314034627
19.269590955474555
19.278845780149343
19.27886693125858
19.27944988070381
19.281420113645737
19.27639380789292
19.28570807333812
19.281667818301234
19.28364401350926
19.275125624915724
19.28222582852919
19.28850564915991
19.286117347494905
19.284355748694715
19.28702103736919
19.28862420404969
19.28907374580824
19.288468150428287
19.29015928712383
19.288436253011117
19.293160115382292
19.26825971192176
19.26570786268182
19.26589089584285
19.250611867856204
19.251768553990658
19.240488393906553
19.242281422785865
19.23669463312289
19.229515736218453
19.22010381406069
19.208303292497394
19.20472026229327
19.19286127066657
19.190470659473746
19.20012842210189
19.2009616364558
19.1865540993707
19.188465784645633
19.192218939705093
19.18681821070257
19.188596177714192
19.193034004119916
19.19307347155744
19.186778803505124
19.19219878753324
19.19265089018119
19.196067275414304
19.203621087434133
19.20462407945398
19.207442043747466
19.211792044841744
19.21500608479621
19.211650896776916
19.206868399293793
19.201661060024577
19.205978813195586
19.203652100393015
19.205120137164677
19.19242955739291
19.186388492098565
19.16969937359306
19.159748528975143
19.152785354993544
19.14275017555437
19.13350720856304
19.138448563503736
19.125491114937763
19.12452514984559
19.129111088088653
19.13399440908594
19.13202363448634
19.13906543003652
19.148089481378793
19.14901424315039
19.150693895465906
19.143496755282566
19.1401742872418
19.151953868741312
19.157953980371076
19.173616866149008
19.17639644126953
19.172476094580624
19.1754624606552
19.17039760272534
19.167280687160414
19.16338005050077
19.168630723559556
19.172040564389015
19.175776033801807
19.17023075227034
19.17694920504578
19.156468315415644
19.115744782965475
19.116572742708147
19.116935269260587
19.108388211034615
19.104962525119078
19.103927221079125
19.102521762505305
19.107641187768106
19.10509939443307
19.11319235577591
19.107236891717626
19.12158503788291
19.11849584189685
19.118567815718965
19.112162011772384
19.120026837644538
19.119245197380614
19.126323998090577
19.138810848206603
19.124527619878506
19.129810552952193
19.12451418344879
19.123535497427948
19.115550796611576
19.113680101151953
19.112462437686943
19.13011551031726
19.122871202849147
19.12640577774444
19.125611393148123
19.12218843207466
19.116482809826444
19.115933792220538
19.119361509859473
19.125529826599745
19.12296986392751
19.12703194114523
19.133299537115736
19.143130920605383
19.15078090113208
19.152567796676518
19.150967040929988
19.160621604896015
19.16004643899845
19.177765979603997
19.18426406302364
19.195771787711806
19.195944889915634
19.19347064291257
19.19781992258563
19.194276213671262
19.20314920876595
19.20335812185397
19.204660258471428
19.201418412117867
19.19674137126127
19.195797220207737
19.187313976289136
19.184351570931305
19.179267545338924
19.168654945611102
19.149251368773356
19.150723343636848
19.14606204669519
19.143962501481525
19.145308898822258
19.144509038400294
19.14387283007465
19.142472239603663
19.131756560214775
19.147736734475355
19.15474528331004
19.147189043068373
19.135528228982302
19.13781699581072
19.138409844076072
19.143707569342283
19.14869282486613
19.14320370246832
19.15266781663199
19.16057714295574
19.151537450059045
19.154508132490466
19.153097580960534
19.149904681450195
19.156675917885977
19.1596783967079
19.16036650151046
19.158074344341202
19.15527255017843
19.157037626696365
19.157618122428065
19.162995993392784
19.162879781664003
19.169425851396653
19.173923768706352
19.16711658439704
19.166781874885324
19.165240725568367
19.15839672380056
19.15241098630781
19.160164033519635
19.16054576174028
19.162199350483178
19.16989326025796
19.166827030207052
19.16683706661111
19.175275493716534
19.17056513843083
19.176239756759287
19.17780034851178
19.175135454330153
19.168189749705526
19.160518921211008
19.147926747056793
19.154815534402715
19.146203751996058
19.142265051281626
19.15334833061151
19.16043015727727
19.167724203737357
19.17394593442346
19.18224521729462
19.19191374550566
19.200294178842753
19.203741378581647
19.207095535760054
19.203657395105072
19.215549286788534
19.219515211234633
19.210245850175127
19.209151119166368
19.212547978511033
19.21332681141247
19.21979235973516
19.220578722994354
19.225011811647867
19.220961492472565
19.224711414516843
19.222149588987953
19.22066944327807
19.22180719838411
19.2280230165632
19.22656933561941
19.232487015655494
19.231035952325687
19.229185889717485
19.23576521890829
19.235008357156094
19.233870400282235
19.24101729779989
19.245023750855825
19.24183511851081
19.238098887046938
19.244917307344696
19.241597579972364
19.234173535162984
19.226718648589475
19.205964621218097
19.201586796662387
19.19562475579597
19.18716302760097
19.18451922114062
19.18682904361928
19.17636203405365
19.17515469937753
19.175225151960035
19.16305513227613
19.16199764661336
19.16578915710893
19.176016050627066
19.172694044188717
19.17350309887578
19.169312274428474
19.169116098387573
19.17119175913104
19.166575060698584
19.176208862863234
19.186885011130073
19.19235913722519
19.184011261407235
19.178305312600646
19.171768082255937
19.173303044623495
19.168312102188132
19.169768131164272
19.16659064310301
19.174406971642554
19.17019467146699
19.173941738479357
19.175218903334457
19.185794551795173
19.196998516662845
19.204222733066867
19.20529262565525
19.201562867363055
19.205696979106538
19.20373170866285
19.205966473351644
19.214986861901895
19.220150609882015
19.222105177326483
19.224728592557838
19.22405303173394
19.225825254371312
19.21900433452506
19.224147942567278
19.230922008873506
19.237362907524787
19.232946165546004
19.22813947103977
19.234612068889298
19.239585899848688
19.238430323313416
19.24169682819624
19.24233433383191
19.22748363208734
19.225209657307644
19.22441359735302
19.231278615233443
19.233530450753744
19.23462992171155
19.23847725062246
19.240414583071647
19.251881017952407
19.256383208776697
19.24352153460362
19.23879272440021
19.2370470040974
19.24172180100796
19.23806981978841
19.252576016548623
19.256180136161944
19.25701460246722
19.250965563988622
19.24514653444643
19.243164884499496
19.24373306594561
19.242092749886005
19.24113735609122
19.248008508973435
19.246033737010848
19.249001079882238
19.249662425715584
19.252508420813193
19.24988116300516
19.24818141307206
19.24328479109115
19.235631787242212
19.233573601877396
19.2346006835125
19.235849684674044
19.224679443131205
19.21203663172198
19.19925677299839
19.205576280644728
19.197866233000696
19.200646605684483
19.19264159103057
19.19142560753191
19.178113944902833
19.184285550865464
19.170581488836113
19.171155253931076
19.168655595892854
19.16558908151284
19.166391156802813
19.165122993927824
19.17185034319865
19.177276812294355
19.171637347916786
19.178064641455833
19.184108490269196
19.180626097269812
19.17464846318932
19.16514397826728
19.16336137466991
19.155705687460305
19.162294011947434
19.17450408301592
19.180323526085786
19.180716470013188
19.185089705632826
19.191957200207632
19.19862268474953
19.203711419355372
19.203359832529113
19.213503189189787
19.218037906356436
19.217966459790055
19.215513159755837
19.222463551886246
19.218638776698974
19.22321680251373
19.224589563843764
19.230675038306998
19.235195170004253
19.23490294634707
19.234601038248478
19.227717525570625
19.232439859117306
19.232221328439167
19.23237127586089
19.229261930679392
19.227800723302625
19.209261879349768
19.193653427580422
19.166894748657903
19.13261284277373
19.105837678565713
19.089960597601582
19.067953727175517
19.051919577313708
19.025024062160412
19.01577585884391
19.038891701959564
19.0524679928014
19.06776984275734
19.08295182742035
19.091837411672913
19.104463717960716
19.110388117531688
19.116221795042662
19.11910770631245
19.11854310582972
19.131896653432715
19.13271788352351
19.136429967896685
19.138646544662386
19.142121401595414
19.14632363155102
19.149858255713248
19.150098903355403
19.150780389308835
19.14400118589366
19.14322585498249
19.14040519123821
19.136758322790723
19.139097947366245
19.13991945559409
19.13504651771695
19.141134418706283
19.138387556331143
19.148541658352926
19.146303226989126
19.144642527327825
19.1508272853892
19.1467749040413
19.14801335208446
19.152317142169423
19.157888458812895
19.15938025852553
19.158131410418665
19.163238157219293
19.16440377623055
19.164567693261237
19.161343006294835
19.15286579231086
19.145450562662923
19.141385036779035
19.138793979130728
19.08315424831
19.070458492916874
19.048563550338244
19.042547150596953
19.03561171396816
19.037739338646013
19.045827351075843
19.0552580849329
19.06252315150397
19.074408965167493
19.08842628497198
19.085497389927216
19.090143312820558
19.090489386761654
19.092661022856067
19.09689630172742
19.093204870873077
19.08760773137593
19.09501599089539
19.09643846647607
19.093135619778828
19.084730372631114
19.085315651848493
19.08528036578197
19.07785402434646
19.070308590945853
19.07221551893825
19.06871720397788
19.07754206695851
19.087860134484593
19.089640369662618
19.087778371280017
19.07912675610022
19.08006230595144
19.086407765586962
19.088067371163906
19.088661765120154
19.090870336028694
19.095937191447177
19.08720964401643
19.0865125040498
19.078442964014627
19.086275486624263
19.092009662095613
19.09153881605397
19.094816916359523
19.10135230166068
19.084636347113893
19.082514796803054
19.081701538046982
19.073818879067563
19.065064749578873
19.07360114699321
19.090599928880106
19.08585954276907
19.088593673842084
19.07135157437895
19.080416204145607
19.089233226398317
19.08427829427802
19.080398856439746
19.084127234687678
19.079098685443746
19.089006084474864
19.084255087572053
19.08131141881967
19.073329805023636
19.08616283112876
19.09363634951213
19.08548192227661
19.082523401270404
19.0772901443011
19.083687562335477
19.089318725586182
19.0917704140255
19.084400843511396
19.090097321161995
19.092154857450126
19.10618596492403
19.09931573967481
19.10725109868665
19.101496209293064
19.08942482813947
19.099060604563945
19.100370444995047
19.10081745899707
19.100264578285795
19.10890314447333
19.10289265847236
19.10587602675071
19.095743796714196
19.102142694899744
19.107461671370295
19.103039807549955
19.10655951977214
19.111052172678704
19.111430744393036
19.111023750017452
19.11402391344476
19.111895375082256
19.110849413866468
19.099530562495747
19.094820616292196
19.094975686984764
19.111078613199957
19.116454303315017
19.119858605422973
19.10892176083135
19.117128067439474
19.108949816457724
19.119203227795758
19.115049732107853
19.10853374410228
19.106642916348417
19.103813213506996
19.111424685829313
19.114385786432454
19.12210396433668
19.118508264150883
19.121557888867052
19.111657923564813
19.111156732679742
19.1186275275389
19.120112192605067
19.127145778903927
19.128383089579575
19.127917069368923
19.120984240032115
19.137358753719603
19.144353435969848
19.13915408563293
19.138305851947752
19.150433080899198
19.151185148347835
19.14352001095295
19.138253772684845
19.149252587422264
19.144543593196694
19.14674611978873
19.14913922345558
19.157189297056988
19.147179605519497
19.156252836983143
19.158596709632096
19.160843156875398
19.155545065266978
19.15348396547948
19.159728861698053
19.16700045674988
19.17099889027689
19.176308790065207
19.18089230550186
19.178520181611688
19.18977843740144
19.191663640880172
19.193715456417742
19.202385553958045
19.205094105131664
19.19898715830208
19.195680901723353
19.199021459852613
19.206837736958775
19.196524494396193
19.19299472736874
19.193426563427984
19.19190657554668
19.198363462739373
19.19381384376469
19.191418312161172
19.195013513649037
19.19696727239732
19.20518497494901
19.208171668390243
19.212588801618487
19.215485686229357
19.220320126259296
19.22197471297755
19.2176219855485
19.22346319618
19.22284227067943
19.22757367909171
19.22384106123002
19.21519839365388
19.215901513038858
19.221899464088423
19.221520655807197
19.219358845190214
19.21737737096256
19.218125493492085
19.20754732574369
19.206969473118424
19.200332903571727
19.205990090294698
19.21196880475225
19.209188424602797
19.21283722535798
19.210825337715548
19.20754847672145
19.197247008260483
19.20310768174966
19.198478292619583
19.210884256208296
19.216311921926756
19.215834410231473
19.221472997724554
19.220673499730893
19.214663542855252
19.21676401671334
19.225431409455837
19.22052669122733
19.217767874975685
19.214851704946607
19.2174695621173
19.227373779596398
19.212388337286182
19.21300152310113
19.21413876097629
19.228151606387055
19.236095236159763
19.232002233088714
19.228947603860348
19.235172097607187
19.22565147277795
19.218822865396447
19.223946321041012
19.212887389677867
19.2119496678118
19.223324774130763
19.22810750595893
19.225406405273898
19.22286564624818
19.219511678436614
19.219702135339997
19.225278969195966
19.231597427540702
19.231134079068838
19.207097330043887
19.19788701318675
19.184915768117516
19.174129640607546
19.15971174554951
19.158704128327088
19.16332730431943
19.170726474452913
19.170657762964083
19.168137323195076
19.179950919163176
19.187136143808274
19.194666002482478
19.197538109096847
19.197920704187347
19.19292219944272
19.193584186690575
19.20228226726978
19.207088363560327
19.201567995598808
19.195232858395652
19.198428186636377
19.208003880002842
19.220462510986206
19.21342566058925
19.217272245452946
19.216145482439885
19.214715825789302
19.22210603357304
19.216022952569368
19.211650246114125
19.212262360530303
19.223509753554325
19.2170848267658
19.215371509863814
19.21065306912869
19.208612411594395
19.211188536581037
19.203342970582447
19.209602425522498
19.205534128812804
19.21316441292894
19.215159117949177
19.216843077146954
19.213487432740326
19.219451883752797
19.2171196061003
19.225067179153818
19.216539026302456
19.227997614191004
19.243234208300183
19.2284789273012
19.24004386837503
19.243738204021618
19.236504753482848
19.222734917320928
19.22902015648111
19.227058030952108
19.231821107865052
19.235684569350454
19.23636218445227
19.234806452051625
19.23229332893124
19.224366919482577
19.23011903955058
19.23450813461056
19.231487702935986
19.232357510412164
19.24489130163041
19.240274665778845
19.239875894996395
19.240266989100206
19.237438603119365
19.239124351390323
19.246048347447804
19.24525857980698
19.242339391404283
19.237608525542502
19.253183806558567
19.23965422292199
19.23865057972082
19.239174309904747
19.24270217270233
19.234417282348005
19.232357769200686
19.234307208205244
19.240724930860694
19.23959558943311
19.23329855727045
19.233714546571303
19.234709259237242
19.240938251456956
19.24312382444374
19.241155193266344
19.244613277548705
19.241747063296913
19.23990249277874
19.230994330470043
19.21708254076406
19.20683727716418
19.202905890418023
19.192266209139852
19.18975895885991
19.184435440651452
19.176511052941102
19.179182019793764
19.17166910040722
19.171288346038832
19.169220440963205
19.16803618184987
19.169347701715083
19.158541970027247
19.162469284215902
19.15943200929781
19.161420943066997
19.16722408218298
19.172668752541014
19.169460444281555
19.16646229116919
19.170007257245437
19.167681003355362
19.173317668399275
19.181300589384634
19.17778344496285
19.164905445403384
19.159338687852895
19.179897013947325
19.18859022218613
19.187551663362143
19.18510299494161
19.190648665745535
19.18658508691764
19.19371843690668
19.19811351068799
19.193248201182087
19.184980787883728
19.190914654098595
19.20286863658817
19.203668633422218
19.194470862876933
19.20413032025836
19.20613151201743
19.2116827427141
19.218956057866585
19.217642315213357
19.22534762346027
19.230348960869396
19.22192789257598
19.212886972872703
19.219735813046114
19.220874425227098
19.222008539590984
19.22390507365321
19.22317188870956
19.23416574041491
19.229572891088917
19.23237681400368
19.232201508059845
19.226950549134198
19.236299643094114
19.235382704872446
19.235287890243796
19.235983318217542
19.243963753130156
19.24033831484435
19.242289647218517
19.239064590837053
19.239767159293123
19.24327289558727
19.24180048603907
19.243296686537228
19.232848300909836
19.23742165485332
19.247702237542615
19.25812840712226
19.264674017615334
19.260872885599778
19.25870975252105
19.253381743337126
19.238004240278652
19.249625839751697
19.246169893571192
19.24272636562752
19.248234326464466
19.24115429127868
19.242485589180628
19.237998756460684
19.237032961920853
19.24005812654841
19.22941605196359
19.218770119249655
19.218772087963035
19.202531449640233
19.198759192363365
19.198444550480065
19.198298664848487
19.19442295076701
19.193702936076225
19.195638594659812
19.182746632163322
19.176886954523525
19.181946155394005
19.185871983584008
19.183731149975223
19.17645023768708
19.175438028197384
19.1731030267556
19.179752248536744
19.176367347014818
19.175052443795202
19.17512632166195
19.171786692505542
19.180324342145507
19.18678837240573
19.189296281421548
19.184883495223218
19.185698707689518
19.17383725420141
19.17495302493818
19.173749216816834
19.178164169286234
19.194790678231502
19.192703515788473
19.20066167178387
19.20034956839835
19.201424013490154
19.204999485127782
19.209156288273533
19.217492070141162
19.211957136333425
19.206026505016098
19.20695350873532
19.217090712697974
19.217399644519368
19.218036775179048
19.216365986967705
19.213086258945296
19.214283610846337
19.217940109340343
19.218506977276242
19.21139546459856
19.215010114528894
19.21547063807339
19.21793549083268
19.22200170830985
19.230609133003203
19.22657013459727
19.223674125611456
19.227810588752025
19.226851538379325
19.23390215886655
19.23355531700603
19.237773092123746
19.235348046731872
19.23152490939268
19.227729565414403
19.226194266990607
19.233023234219758
19.230700258618242
19.2243078242389
19.2366716095379
19.234524709947628
19.237175096826775
19.235763632227265
19.23835035193608
19.240899954128434
19.247575059090806
19.24479057610232
19.24034705558999
19.25390468608143
19.25284479438768
19.254524497759
19.245228345475027
19.24528562439849
19.248468028217587
19.257645983333646
19.253149570338646
19.252393085015733
19.260655220713215
19.262056834519875
19.2652002099757
19.270529034221706
19.269334854692712
19.269995448370533
19.271424119598997
19.261703689956676
19.264605130703416
19.2602166471943
19.264897739182874
19.261868253939806
19.261537737487956
19.258675264367692
19.251918463239768
19.253879112865647
19.24881063518288
19.239678380830217
19.23837719653929
19.24318208861178
19.24411845337225
19.239599837633723
19.23427091094333
19.244637617755778
19.24433394144848
19.249469494195047
19.25553239793433
19.257503909229083
19.25621231194887
19.253697288403707
19.241601062873524
19.245139357964604
19.247930291851937
19.25231793685143
19.25192764975386
19.250107186825993
19.248748483263466
19.25234729994241
19.244882514636465
19.246472605144696
19.249449605786964
19.250038505894356
19.252397788113612
19.243654927697712
19.248032328519034
19.252298339573816
19.24031034206645
19.249341040935548
19.24859119527553
19.243825124029456
19.23611723026039
19.228370017125023
19.215965332644004
19.21142903488782
19.20596974993983
19.206722065310434
19.204859650446163
19.204020389761038
19.200754702076736
19.188646639186384
19.18636060064586
19.18286243482617
19.176654206555614
19.175831154181935
19.186111400433976
19.184577710598873
19.18104333328713
19.183766296075422
19.193424005077166
19.189484856680835
19.180957373031642
19.180009062556575
19.172928002372483
19.178637966657575
19.186412697941737
19.183101759564487
19.189875906233382
19.19048671839703
19.186995071004326
19.187348264502642
19.181095192907524
19.180809278080446
19.186555799209856
19.190797015432775
19.191528307487555
19.199344074717303
19.204121666148747
19.20518954213334
19.21013362493528
19.2109323206228
19.213586175924277
19.205215039376817
19.21430396922052
19.210767437721795
19.209641169542003
19.20891074771437
19.21429930847347
19.221291537759654
19.23457907474684
19.23813457138203
19.241113463753052
19.250570575618134
19.243668062713144
19.237577750593935
19.24312271844235
19.250437534597445
19.25270296153917
19.246967646037483
19.249028455650556
19.244514849482215
19.239437680182554
19.25150928287098
19.2457135831537
19.24959238470796
19.24960812963639
19.24661816340444
19.248448514403673
19.25109087806432
19.25559704397698
19.251513427343014
19.25460040461333
19.245023963464792
19.246627541502335
19.252001652134233
19.250041239766517
19.25270185765907
19.25182221468693
19.259894726695748
19.25967222144363
19.258336173716277
19.251153462342018
19.258723552147387
19.248883212567854
19.25428320021045
19.257325760575124
19.254177967047852
19.257239763008698
19.26485753419
19.26654747682444
19.258800113739373
19.25037303437835
19.248691864697715
19.239777180651863
19.245278957505178
19.239459469852786
19.249883027749426
19.250258690351593
19.243615543183978
19.24818069542961
19.24128943061378
19.24238348526977
19.238961216949527
19.237851783094683
19.241932612498218
19.253375479912314
19.25138556722655
19.25615832014978
19.258045841636054
19.253104898429257
19.243080206581862
19.24328726109377
19.2431581888949
19.237772518113164
19.242508620689982
19.25599572503475
19.25157289216181
19.255314208648493
19.263396091577185
19.25911464395209
19.25744817281079
19.25302609737082
19.246914347653203
19.24270305870902
19.24216753657043
19.253266983339085
19.255608215188435
19.259526666456246
19.26973864499658
19.264622571545797
19.272012508919754
19.27110301620601
