0.0
0.0
0.00218859538166824
-8.417674544877849E-4
0.0067089266384438625
-0.013654908793605028
-0.02091820132199357
-0.0227700897218667
-0.025796130332135105
-0.03031256624613061
-0.03500621354916112
-0.043369193206848615
-0.049128590156301236
-0.054824487675022494
-0.060561206245740705
-0.06376803341828093
-0.06696573589172505
-0.06747079636441772
-0.06797577679472457
-0.07117500005688839
-0.07419479743974608
-0.08280803953000278
-0.08582111344687157
-0.09699231468518715
-0.10268549082224027
-0.10302401207188619
-0.1033607190536813
-0.10908292347984448
-0.10958798395253715
-0.10457099655555499
-0.11151724557724461
-0.115530835473848
-0.1116304772838561
-0.10761944870163449
-0.101033892360101
-0.09427734117090236
-0.09309905349406654
-0.08902335154535526
-0.0825158354730174
-0.07864370518237358
-0.07746933953348448
-0.07341604913806957
-0.06938388965974247
-0.06552955519814248
-0.061645765560827855
-0.055060209219294366
-0.048494423074289646
-0.04192863696338123
-0.032469465249544326
-0.02592761147103506
-0.016499815980771874
-0.012652231679944288
-0.00875064619347778
-0.0022389679511732345
0.004370520722759403
0.010905090780543653
0.01750001194483365
0.021354960044616914
0.027947800140971722
0.031819930411507456
0.03836282477512878
0.042247444896128125
0.05432855544481876
0.0610851066340174
0.06511086282639006
0.07457003449126816
0.08127215762745714
0.09328587337903116
0.10250862981382272
0.10656127987015102
0.12120803357823846
0.12508016384877418
0.13183244618066986
0.14116910134720037
0.14794806408969538
0.16276786703171364
0.16932845048983222
0.18655618867471768
0.19601237213948372
0.20263954994200994
0.20915955245605525
0.21576904116408419
0.22778675896151135
0.24263473643866437
0.25189124359863424
0.25845911081157413
0.26783311855294367
0.27977106196324475
0.2863815911881931
0.290420153973457
0.3025416053180811
0.3092736105253319
0.31314574081597574
0.31699209780022064
0.32359950540621807
0.33016529155122276
0.33670922643176354
0.34616540989652955
0.34751223782371
0.34885906575089043
0.347344364579259
0.35935050310912026
0.3660312818888533
0.3700845722842682
0.379510873649996
0.3889371750157237
0.3927964186632221
0.40221076722850163
0.40897478893546574
0.4210923983085172
0.4359098533405512
0.44264292577961306
0.44920871192461775
0.45858799003141476
0.4678914547659707
0.4772744271076765
0.4813341208100282
0.4878978258530014
0.4946298310602522
0.4986703148417936
0.5027101583052307
0.5120916365713598
0.5188300450645651
0.5282966872542028
0.5348458248216297
0.5469941700302094
0.5590733595616403
0.5683592151636525
0.5777840224538037
0.5843539707346788
0.5937578605750866
0.5978009056710097
0.6043916646994294
0.6109408022668563
0.6228939001205829
0.6294139026346282
0.63890445052308
0.6483352342134553
0.655065104957084
0.6617971101643348
0.6737274762908504
0.6750768655394067
0.6762544061600947
0.6774334408869586
0.686838824802943
0.6908876328876986
0.694746876535197
0.7069086686757545
0.721553101154653
0.730811075758363
0.7348419545794992
0.7441204730589797
0.7560697823018498
0.7628039219377521
0.7747570197914787
0.7839548300192793
0.7934842245581468
0.8001884821229873
0.8067563493359272
0.8134563380084942
0.8200512592068805
0.8293429844876843
0.8385672083181315
0.8451329944631362
0.8545279197032078
0.8665992911164159
0.873098482917013
0.8850932556143052
0.888951271965329
0.9009403617153002
0.9101777923470707
0.9196698343110992
0.9288911233021506
0.9381446955746402
0.9447115222706607
0.9539049302153254
0.9579793514858634
0.9645253674343394
0.9710973968172459
0.9804803692079105
0.9870752903722004
0.9965030858624636
1.0032404271238577
1.0098010105819764
1.0190296366955596
1.0255902201536782
1.037586887187435
1.0470131885531628
1.0535352721692397
1.0628563459401703
1.0668827424506473
1.0763404200399487
1.0830745596758509
1.0950238688566483
1.1044187940967198
1.1164097781210829
1.1204502619026242
1.1298153050436575
1.1420135960085758
1.1485356796246526
1.1606138019470034
1.1753678643326857
1.184795659822949
1.1940580366617104
1.1980927574754017
1.2075280234414656
1.2140771610088925
1.223525873948899
1.2353994107884234
1.2474282810454957
1.2539711753750207
1.2580244657704356
1.2674522612606989
1.2740159663377684
1.277888096628412
1.2844538827734169
1.2965714920835212
1.3057692454754053
1.3177772783417312
1.3271587566078604
1.3364827652181868
1.3405219683425373
1.355332379798489
1.3672286483031517
1.379403887438634
1.3832747904126952
1.3898197658442517
1.3938730562186843
1.405784479290918
1.4125399632483056
1.4165676404369558
1.4231521562274736
1.4270156954226871
1.4335960490773345
1.4374878161517881
1.4466944309458607
1.458649423073979
1.470566529031461
1.4798494497940773
1.4892802334844526
1.495843938561522
1.5024138868423973
1.5089744703346122
1.5101471551178782
1.5221154074150303
1.531579061404556
1.5463401674432558
1.5610263815151288
1.5677423784550377
1.5744925263233114
1.581036461203852
1.5876240986133208
1.5968600618494355
1.6060842856798827
1.615570351243687
1.6223055580764296
1.6317273771664687
1.6411880429069234
1.6478965693640375
1.6517429263482823
1.655814786325421
1.6623712076135728
1.6717691210537566
1.6785224705824928
1.6879502660727561
1.7001869768792952
1.7120264160969667
1.723975725339837
1.7387391792115856
1.745494749581248
1.7520719816169446
1.761312347088111
1.7706863548784393
1.777287519246535
1.7919342729546224
1.8013650566449977
1.8134788240464765
1.8254281332893467
1.8348484582548503
1.8442209718716844
1.8591299941621402
1.873874665061756
1.8885910546567197
1.8980158619468708
1.9126626156549582
1.9167030994364995
1.9340270205376153
1.9461523138538122
1.9554073535700418
1.9621446948664065
1.9715485846578555
1.9755980330607155
1.9821409274243367
1.9915986049646794
1.9954713489136147
2.0020360945076034
2.0086018806526083
2.017861322651974
2.027126634330131
2.0363361839635994
2.040394596987778
2.0524315247060154
2.0563282010065835
2.0682812987982375
2.072152201792407
2.0760255593795254
2.0771997382689675
2.08648706131472
2.0930309961952607
2.0996186336047296
2.106334630544638
2.11578483760918
2.1223287724897206
2.1370196289439107
2.140885009073782
2.1474601600415433
2.1515006438230846
2.158232649030335
2.1701857468840617
2.1794451888834274
2.186008893960497
2.192531033630898
2.19914156282175
2.2057083895177705
2.2122710540438244
2.2190041264828864
2.2284289337240786
2.240382031577805
2.2469415745190044
2.2564321223584973
2.262937557396996
2.275016746928427
2.2897052821534283
2.2962918790459774
2.308244976899704
2.3203625862098085
2.3322891637254677
2.338869517380115
2.3424043804106227
2.345939243422771
2.346949364368156
2.345109802322596
2.348660913718752
2.3575412268742024
2.3583883304134328
2.356712799638128
2.354852400179965
2.3585708512055406
2.356726299918582
2.354875291975336
2.355882051187727
2.354036325965011
2.360460118879408
2.361472480980123
2.36247940027204
2.366024908792986
2.3670315079206055
2.362471556225764
2.368868988846649
2.3752643937935374
2.3709017705398434
2.3745955688567935
2.3756116128600464
2.373928344759024
2.3720767498478987
2.3702333724966986
2.373785044171196
2.3774870600769216
2.378328694127433
2.3820318839496832
2.380186158726967
2.3757944004539877
2.374114867603105
2.372259102185904
2.3757709933637914
2.379498248936405
2.380337214946731
2.3784791633697013
2.3793206640206077
2.3747376604491195
2.372901620230068
2.3764370435389166
2.3691989906669253
2.367359722110113
2.371087564660223
2.3720911222191456
2.3758148559652508
2.379401825872909
2.377576057615785
2.378586338645942
2.3796012620662843
2.377758178203832
2.3760746432948565
2.3743921756089494
2.377904066786837
2.381458539926479
2.3769238012527008
2.369660508724312
2.3678092072923183
2.368650974746806
2.3694908745718526
2.370334242847829
2.3684829414158353
2.3693193727855806
2.375753304269294
2.373900241933663
2.3747442772251497
2.370380266592832
2.376607371409539
2.382806835278166
2.3863837199737272
2.382038438986923
2.382877538396854
2.3838905408261644
2.384898260536694
2.3884420881675377
2.3865969499127
2.3876091519286433
2.388450118972387
2.3840646039145788
2.3850713631269698
2.383382758936833
2.387085948759083
2.3879222467248518
2.3914795213112785
2.3949918221090525
2.395838925648283
2.4022546077338043
2.400401838886921
2.3985649182016253
2.3995761597246754
2.3978875555345387
2.398894314741684
2.3972057105515474
2.3980448099658496
2.390782664711658
2.3916214973223786
2.3951681264000073
2.398680017577895
2.39969013852328
2.3952713263103163
2.396110158921037
2.4050328939386074
2.4087366707383535
2.4122715337505016
2.4079241717071276
2.408941816531869
2.407090808579006
2.4079317756183785
2.4114694400773113
2.4150020619393753
2.4187052517808594
2.4195448848023244
2.423258053107371
2.4296585273056954
2.4278081063207115
2.428814865527857
2.435062701031363
2.4359024674568044
2.4369146694727477
2.437924790418133
2.441627393282121
2.4453323440176256
2.448866646751432
2.4498742063771903
2.4535615480186186
2.454578072265695
2.4527349884032428
2.4508748824338276
2.4490224070660753
2.4498615064803775
2.448004922327854
2.4463211206196687
2.447324358019539
2.4562470930371094
2.459804927901877
2.4634993131770893
2.46164571140033
2.4653453794153055
2.458091264967712
2.461637333766999
2.4651632321604513
2.468855856541643
2.4670118922225637
2.470740321730936
2.471743399040789
2.472760083372637
2.4764397944220193
2.4718654353101748
2.472706935961081
2.470854460593329
2.469171992898679
2.4674937940788175
2.4685071166776713
2.4721979801456087
2.475744609241597
2.4713965535202767
2.47783454045165
2.4761566084397413
2.48257533206948
2.4834168327203865
2.4871206095201326
2.482575785623766
2.4834174196742773
2.484259053724789
2.4851006877796715
2.491329766942881
2.489490204906938
2.4876327402977876
2.4886459028118697
2.489656664091096
2.4879731291821203
2.483600100577385
2.4817487991453913
2.4852730166671004
2.483415258569202
2.4815695333464856
2.479723808123769
2.4751746620329884
2.4761900657024003
2.474341405630671
2.472485114957279
2.4681204106470154
2.463736282967831
2.4618779379020532
2.4628845370296726
2.4638912962420636
2.4593608797863045
2.462910552821994
2.458522956684885
2.4568388881687464
2.463232265375194
2.4694643060743315
2.4704742669401907
2.4713148337720052
2.469462064915505
2.465099441661811
2.4634108374716743
2.4644191975055536
2.46256408076792
2.466258466043132
2.469803974564078
2.4761750469578954
2.477188049387206
2.4781988106611865
2.481733113394993
2.482743554504676
2.4809051663948742
2.4846335959032464
2.4856395547022703
2.486651116389618
2.484975318806361
2.488703748333967
2.4843279449719846
2.487865609449277
2.4860154819626583
2.484337283134054
2.4770751378798623
2.4807777407438505
2.479094205834875
2.4774205426890115
2.4701870788386207
2.471200241347457
2.474747430740146
2.4675105251799447
2.4656586367800717
2.466500137430978
2.461984848773694
2.460120927498639
2.4584376593976165
2.4621408492198666
2.4631444067840347
2.4612810724864755
2.462122706536987
2.4629647407994275
2.455727835239226
2.4511981391413347
2.4547470093874066
2.4476817656632788
2.445998497562256
2.4441529174201886
2.4368896248918
2.4296515720574017
2.425106748161035
2.4261167090216484
2.42695834307216
2.4277981094976013
2.431340816553403
2.4323509374987884
2.428002881754737
2.429016204348345
2.4271584462504467
2.425307144818453
2.426317265763838
2.424464790396086
2.414749806820864
2.4211573780442874
2.4220020803469136
2.420320413067379
2.4159425286260965
2.414097096882511
2.4097268430350227
2.4105724791479983
2.4060276552516315
2.4070355350416874
2.4080475769781047
2.4115712342031133
2.415137473408236
2.415974438385144
2.41145914972786
2.412475834059708
2.4134857949203217
2.40894097104756
2.4097826051024427
2.408085196372262
2.4036073670322318
2.4046219702882765
2.386419406587401
2.391317079076557
2.3909496362417486
2.3879336808462
2.3902868944931055
2.3872541304325847
2.3896148145185716
2.389243849866871
2.3862110858063503
2.3912319953256995
2.3882016325367537
2.3878312548529324
2.387460877178728
2.3870904994949065
2.386720415299833
2.3836924537037785
2.383322369508705
2.382952285313632
2.3825819076298105
2.382211529955606
2.3818411522717846
2.38147077459758
2.3811006904025067
2.378070327534877
2.3804272764319223
2.3800568987577178
2.3796865210738964
2.382043469909743
2.3790131070421134
2.378642729358292
2.3756123665693463
2.375241988885525
2.3775989377213715
2.374568574853742
2.3795815334960992
2.379211449301026
2.3788410716172046
2.381198020453051
2.3781676575854216
2.383180616227779
2.3855375650636255
2.382507202195996
2.3875241361465838
2.384493773278954
2.384123395595133
2.3864803444309795
2.3807226549824834
2.38307960381833
2.3827092261345086
2.3823388484506873
2.384695797286534
2.3816654344189043
2.384022383254751
2.3836522990596776
2.380621936192048
2.3856388702729014
2.3826085074839556
2.3849654563810008
2.3873224052168474
2.3815647157683513
2.3865776744107086
2.386207590215635
2.3831772273480056
2.3881941612985935
2.385163798430964
2.3875207472668105
2.3898776961638557
2.386847333296226
2.3892042821320727
2.3888339044482514
2.388463526774047
2.390820475671092
2.3904503914760187
2.392807340373064
2.3951642892089104
2.394793911525089
2.3944235338508846
2.3940532870916265
2.393682909407805
2.396037990649181
2.390280301350184
2.389909923666363
2.3895395459921582
2.389169461797085
2.39152641069413
2.3911560330103088
2.390785655336104
2.390415277652283
2.387384914863337
2.3870145371795157
2.3866441594956944
2.3836161978996397
2.3886331318502276
2.3882627541664063
2.3878923764922018
2.390249325389247
2.384491635940751
2.3895085698913388
2.3891384856962654
2.388768108012444
2.39112318925382
2.385365499954823
2.387720581196199
2.3846878170569945
2.38431743938279
2.386672520624166
2.3863018494612134
2.3886587983582586
2.391015747194105
2.390645369510284
2.393002318407329
2.389971955618383
2.389601577934562
2.3919585267704084
2.388928163902779
2.391285112799824
2.388254750010878
2.387884372327057
2.3875139946528523
2.3844836317852227
2.386840580682268
2.3864702030080633
2.38610011881299
2.388455200054366
2.3854272384583113
2.38505686077449
2.3874138096103366
2.3870434319265152
2.386673054242694
2.3863029700476206
2.385932592373416
2.3882895412704612
2.3879191635962567
2.384888800728627
2.3872457496256723
2.3868753719514677
2.3892304531928437
2.3888600755090224
2.388489697834818
2.3881193201509965
2.387748942467175
2.3873785647929706
2.3870084805978973
2.386638102914076
2.388993184155452
2.3886228064812474
2.388252428797426
2.3906093776944712
2.3875790149055254
2.387208637221704
2.3868382595474995
2.386467881863678
2.386097504179857
2.3857271265056523
2.3852894074247724
2.3875772006306804
2.387139481561166
2.386701762480286
2.386264043399406
2.3858263243298916
2.3881159318298786
2.3876785595993373
2.387240840529823
2.38953044802981
2.386432743765122
2.388722351205659
2.3882849789751175
2.3869614163814368
2.3876368580574914
2.390837602091764
2.391510589169624
2.389321646937617
2.381756545451288
2.3795648284506687
2.3775436260722507
2.3726853605415767
2.362375109917332
2.3521006644403757
2.3526051646216133
2.3558048948188874
2.3536169931378965
2.3541217334462914
2.354627594332351
2.3578126235941497
2.3610209715554094
2.361694385519
2.3570193344732426
2.3522837722161
2.3554667737706794
2.3588599904008096
2.3620581997927528
2.359868910710407
2.365723930268024
2.363521461066025
2.3615018595038495
2.364686381847149
2.365362357132115
2.368726225289604
2.374817686828918
2.372647474265155
2.37044934845498
2.365579476930483
2.366254171551264
2.369439707748173
2.370116109922366
2.359849802034639
2.3632307456737953
2.369096037245795
2.369600057180586
2.370105998106409
2.3707795187931806
2.365912742215582
2.3612242442203617
2.3617345874170805
2.365094186717266
2.3604004593840893
2.358207355016212
2.35601529117662
2.3513312755060474
2.3491381711268047
2.34694021092238
2.3447592461458715
2.3425651012269784
2.345752665131106
2.3381959679379207
2.3359844807521384
2.3364873000668784
2.3316058225485587
2.334777671680212
2.338002748267556
2.333129781821514
2.3311066584468185
2.3316074767333865
2.323987146748333
2.3246679245100044
2.333348774765056
2.3284688447328623
2.3262896141739504
2.329502017549648
2.3273207059228014
2.3251255204756234
2.3256262587198058
2.320863055550428
2.318855940432583
2.3220693576785014
2.3225750584824123
2.325934657782598
2.3318083536521135
2.332478139076505
2.3223225015346713
2.3201318250850678
2.3154104568151768
2.318582513368638
2.321799479110495
2.3278736517147847
2.331261532255801
2.3346088585650127
2.33243101539609
2.3358124926511517
2.3336238972694834
2.3342970977867115
2.3322941448099823
2.3408801728457576
2.3441047425146015
2.3446097229449085
2.3452830301853176
2.3457880106182474
2.346460784249745
2.344274963625324
2.3420822061077855
2.348092986023759
2.3513236388308707
2.3493242076771534
2.3500030644495418
2.3505082049619976
2.3565679701571534
2.35455189041799
2.357742495899557
2.3636591472680806
2.361470898736751
2.364669108128694
2.3705110543108203
2.3631035007113277
2.3663280703801717
2.369526279772115
2.3673380312407852
2.365317469180471
2.3713570639461863
2.3720328257882874
2.370013224226112
2.370680875214858
2.373904431030093
2.374409571542549
2.377607780951103
2.378281088191512
2.3735679375086485
2.3742446598453912
2.377423605985533
2.3780977670009
2.3812924278969048
2.3792702650098567
2.3771003992964324
2.380326489753996
2.386383373423262
2.3870567796968243
2.385037498304192
2.385712086208786
2.388896101616975
2.394806216282454
2.392617620900786
2.3906146679240567
2.385695277553431
2.3888686474738043
2.3895476109658764
2.3848337132207447
2.3881895772620476
2.3888637382774145
2.386839974563632
2.387513281804041
2.3881837075605254
2.385986094195074
2.389172137310482
2.389842456343785
2.3959464043064465
2.404539235855842
2.405212009490837
2.4084127535251096
2.4117696847807384
2.409575193022872
2.407386250802231
2.4105580999504954
2.408351815451599
2.4036775114681093
2.407072328945956
2.407745529463184
2.405556240392204
2.4087336657436262
2.411952152274203
2.407239001591339
2.4050590773431155
2.4109785301339444
2.4143279908718074
2.406719667047918
2.409903682456107
2.410410904044366
2.4137582303360925
2.4088891325546586
2.4175078174379765
2.420719713895175
2.4185318122028185
2.421730528529872
2.4224018080578165
2.4202250054171786
2.4153032938427175
2.418670897276574
2.411094990186184
2.409088734137841
2.409769832065559
2.4077591951351933
2.405581005115932
2.4062578341723584
2.4040803378424087
2.4020530523161057
2.3998738217685593
2.4003810433568185
2.406254739226334
2.4069300741792077
2.4129658269733505
2.4107689072972107
2.406055009552079
2.4067288504013993
2.407401730756078
2.407902549042646
2.4085812990918534
2.4038688954712573
2.4070752157252984
2.404909858998083
2.4081329078782074
2.4088067487275278
2.4121727513311533
2.4155398211491046
2.4108468408537163
2.4059429251161673
2.409137079093673
2.404250959193036
2.402078665561338
2.3973281622546763
2.3951499722467804
2.390247603970004
2.3882270419096896
2.3889001357072335
2.3840240743396475
2.3818514338462453
2.3852457176907014
2.3884439270992557
2.3891147797414702
2.3844232935706176
2.384932196025374
2.382923480080795
2.3861419666113717
2.3868152738517807
2.3901679362501063
2.3906749977535937
2.385819827144464
2.38903729980482
2.3923739539358038
2.393057079575986
2.3908913760097974
2.3861581837745294
2.383969935231834
2.3817816867005046
2.3849763476131205
2.3802639439925244
2.3807694847142864
2.3812703830406177
2.381948386038048
2.3851242906007504
2.388515906400649
2.3863252299396804
2.3841373282586895
2.3846412681537172
2.3853132947369353
2.3805807207043843
2.378392819012028
2.3815915353390813
2.3740804616763476
2.374753875639938
2.377979459145781
2.3757925979930747
2.3789821896210324
2.376954263766134
2.3694107734092427
2.3754916694795214
2.3734717477478027
2.373972566031748
2.3690709714980343
2.367043365802188
2.362329468057056
2.3630020282456887
2.363507809089363
2.3640119891089255
2.37007559624418
2.3678852666335497
2.371252336451501
2.3746183390551265
2.377789681268281
2.375754071459746
2.3764274854233363
2.3771008993869267
2.374913691383882
2.3754190720208723
2.3786142398519874
2.379287973981624
2.377267732090853
2.3779358099688266
2.375730565998215
2.368214689871015
2.3632906570927186
2.363795237316342
2.358913759798022
2.364937258065651
2.3601949723460165
2.360700032818709
2.358520455420824
2.3563207609760717
2.3541345935126774
2.3573328029046206
2.3580033353807885
2.361216752626707
2.356358487096033
2.3595688627645117
2.3573906727452503
2.3578981344554215
2.355710232763065
2.3510336876172517
2.347652743978095
2.34681471178249
2.351567456226996
2.3507259555760895
2.3527461974668604
2.3547491504330984
2.3539035143157516
2.3559324006687885
2.352581339118179
2.354608624644482
2.3512431556567623
2.3450091406111224
2.3441711084155172
2.337918337029581
2.3452965421389464
2.344458376539365
2.341064626293329
2.3375292029844803
2.3393807978956054
2.343927062507707
2.3405642615470588
2.3398959702262205
2.3419328607024372
2.3358836609763167
2.3323527199859955
2.3315154882011346
2.3306669172400207
2.3351829262551718
2.3372086109547405
2.3390637276923743
2.33569932591898
2.3377243702794623
2.3424173505748507
2.3361626048424116
2.3328216818366396
2.334683255230561
2.3340090942151943
2.341421773548837
2.3405797392907677
2.3451224020427173
2.3496643444604044
2.348829113713333
2.3479804093482426
2.349987844635631
2.3520119285084653
2.3540404946919593
2.3560751440128467
2.3552399132614035
2.3599560521443794
2.3592821045718777
2.3639706025426186
2.3658307085216506
2.362469508408719
2.3644913511262238
2.3611376215135724
2.363165867527523
2.359798797709572
2.361658903678987
2.3608244733426598
2.357444063301924
2.359457261557162
2.358620029776673
2.3606658848846993
2.357320159423204
2.362043021793151
2.361202321552989
2.354969293696774
2.356989535587545
2.3561485685481727
2.3581579248318385
2.3600133350486034
2.359337146320772
2.3667364823507224
2.3687416764722897
2.3761468822002656
2.3781837726764823
2.3828954292592903
2.3849179123053905
2.3813892124651534
2.380715371612336
2.379876272202405
2.3819029174001125
2.3839225189517967
2.3859261122571214
2.3905192010275926
2.39504457488386
2.3995994839792103
2.3987581167322802
2.403336798085749
2.4025024923583
2.399158901307971
2.3983101969428806
2.4003240355267144
2.399478532813344
2.3932919022131576
2.400566667333141
2.3997278347224205
2.3934375506882386
2.392604187566237
2.389056998191908
2.385707537454045
2.3931491352866976
2.403083565364993
2.3995789579524183
2.407071035157315
2.411731145153553
2.408335794077286
2.4128791772107077
2.41203740975622
2.4086991547950047
2.416139578672665
2.4207009711068466
2.4198624053040785
2.421890331158977
2.423906090728597
2.420363943951137
2.4195231103113697
2.4240722564257555
2.4259156337673384
2.4277754462576224
2.432320270130384
2.4287854070998764
2.4333309513541104
2.4299926964103804
2.4291443922484763
2.431161752655322
2.433186476856752
2.437726258130022
2.439751302500995
2.441584114391903
2.4434495030914642
2.4508147948882546
2.4526707920728987
2.451826089774644
2.4509845891237374
2.4530054713431033
2.457531565580843
2.4566864630750302
2.4612096758104856
2.4686559693861714
2.467982341979716
2.4700013603272284
2.466633756893372
2.4657955912981615
2.464951822810256
2.4668045916571395
2.474212145256632
2.481439872773632
2.483472601108733
2.4854841985372373
2.482118195933612
2.4895234016615877
2.4888527624622383
2.4881810560450663
2.4902086617304215
2.492233065762308
2.4942440228727083
2.4988104578827763
2.506194532728635
2.5137570462329006
2.5182219088716624
2.5227674531258963
2.524612004412855
2.52663961009821
2.5258007774918605
2.527642687408937
2.529509543533005
2.526163284455604
2.5307362028281086
2.5327455591117745
2.5320684098893014
2.539472441662285
2.541320221277387
2.5433321388754346
2.545362946214258
2.5392974180617434
2.535780484286987
2.5349345813660586
2.534266183325536
2.5308772355527087
2.5275085649045264
2.5293607467835306
2.531210580791018
2.530361743021951
2.5376882948425483
2.536851196461664
2.536001424882248
2.5351660607312
2.5399083464508343
2.5473205958318275
2.546479495388479
2.5510257600005803
2.550183058731372
2.5575315085939394
2.559560394936485
2.558716893252161
2.5578779272418353
2.5597353918509858
2.5588980266665198
2.555517616643269
2.5493023579379255
2.5484581892468334
2.550308316743069
2.5521784011952806
2.5513485065329515
2.550509807326207
2.5525566229218812
2.557217479980387
2.553830133037791
2.5585051840590687
2.5632571814657865
2.5679703321486502
2.572515876402884
2.5771998920734567
2.581751199308655
2.5837823268065305
2.5857929637473873
2.585116775019556
2.587127732119465
2.5862828964172335
2.5827609200272486
2.5846210259966638
2.5810990496250383
2.580426702879271
2.5797529687496343
2.5816121942624224
2.589020921816907
2.5910235546240927
2.587458436012372
2.5866170687610706
2.5911626130153045
2.5903213791723507
2.5896456173302496
2.586137087895848
2.585294786834197
2.584450084531571
2.5864632827868093
2.5938919673068868
2.59590452523353
2.597931810759833
2.5999462896722623
2.604512004324463
2.603675039347555
2.6057061668559216
2.6075474898051194
2.609575208123682
2.6060392245181325
2.6105451483343005
2.609696310569605
2.606327639921423
2.6083466011550027
2.6076734006342774
2.604134055303602
2.6034671513666323
2.6080501549381205
2.612762558583196
2.6172900935602756
2.6247246477399107
2.6294392925228305
2.6339826756798574
2.6306294796831113
2.6297853109920193
2.631799149575853
2.6309608505766664
2.6355438541481546
2.6400893984023885
2.6419415802910096
2.6437785009666883
2.6456424222417434
2.644805323860859
2.646668658158418
2.6540726899698694
2.658613911982479
2.66061942627359
2.6652017094872105
2.661835173285165
2.6636797245721233
2.670945311611312
2.672964593003944
2.6749870760500443
2.668954204750318
2.673516317565972
2.67551927053221
2.680266038576492
2.6822891619511875
2.6843084433438196
2.6917148230267878
2.6937347447480153
2.6984441601929787
2.7031221994388477
2.7022734950737575
2.7041218616567386
2.708655159591177
2.7133892277482636
2.7152396487236303
2.714389743740238
2.7215417522128598
2.7235647451927965
2.725418687985055
2.7355279015201237
2.7373689309901903
2.7392299174162327
2.7410680120372866
2.74852839288054
2.7530544870946745
2.7522093845888618
2.7567563696060406
2.758774690500534
2.7522130664913997
2.748203318566369
2.7470151324552425
2.7404909677712306
2.739129412247887
2.735116462669388
2.731068294923719
2.729890567543584
2.728711906341734
2.7300615090296585
2.7313993723355203
2.735625551884466
2.734447824498211
2.7304047794022877
2.7290639278893196
2.73058535252694
2.729407251615671
2.7280604236884907
2.7268836301239507
2.7336252402776187
2.729598203428055
2.733785029350384
2.7353124570882574
2.7339739534572973
2.727368626919235
2.726190152482952
2.727531217435288
2.7263480739210304
2.7250014594402123
2.7291842832869633
2.7226070512171705
2.72125446032214
2.7225959521672007
2.7239472624050403
2.7252885408037386
2.721231408436751
2.719889276266592
2.7132839497285297
2.7121140663920484
2.710761688936386
2.7067199244766713
2.7055422398130857
2.7070574212311636
2.7085596359637103
2.7073703292775417
2.706194469522477
2.7048463609311115
2.7036678864948285
2.697104181417759
2.695765891233161
2.7052146041731673
2.706735548564341
2.705393416387188
2.706912920031154
2.7082544118692202
2.7070712683549627
2.7057246538741446
2.7070716952476874
2.7058975163643653
2.704715119900136
2.7035416880668417
2.7021895240575415
2.701010862855692
2.7023455245080856
2.7011491208282914
2.697303991120413
2.6988189324113336
2.7055520048503956
2.701515363061409
2.7081982762697936
2.7041417842209103
2.697547903607636
2.698888755120604
2.7004101797582245
2.7071432521972865
2.7084898666781045
2.71268002765613
2.7194419149344427
2.7182682963355815
2.716921468408401
2.7128829056231374
2.717108418152201
2.7157615902250205
2.7197674961784783
2.72655499667055
2.7225145128890085
2.7157803732531063
2.711739889471565
2.713254590643196
2.7147572856221895
2.7161094496314897
2.720336296200317
2.7163131013433084
2.7151304355873416
2.713785101763714
2.7151334237944478
2.7166418817465368
2.7179942592021993
2.7114565675595603
2.712964785384492
2.717208974229826
2.721417144482383
2.72545698794582
2.72970784688069
2.7338659913415166
2.7300196343371637
2.7342631561626156
2.732918889556811
2.729056577658072
2.7250224971834673
2.7290860328573916
2.7279079319461226
2.7267303913254346
2.725382923073156
2.7267295375609684
2.722880112325483
2.724228647802579
2.725580598372511
2.7269212364391167
2.731149417025851
2.724421680710874
2.725937822621845
2.7245909946946645
2.720550510913123
2.724585872065901
2.7260900077842343
2.730332862611661
2.734529026681197
2.7306618055965597
2.732014183052222
2.733527683603803
2.732349769458101
2.73100208775946
2.7296637975678677
2.725613708825921
2.7188571576367226
2.714821796504927
2.7136422014874824
2.714984120211279
2.719206964704528
2.723403128774064
2.7247540121261737
2.7208935411822006
2.711606218136448
2.710263872519927
2.7116036843369096
2.713141917647371
2.709155221614723
2.7050916859407987
2.7010524828164484
2.699705654896262
2.6956638904365473
2.691622125997815
2.68761750072253
2.6918263379949687
2.6904688378965544
2.6892937251915177
2.6906439682115346
2.686788406473568
2.6883095909918993
2.6871314900806302
2.6911719738621716
2.697885836373429
2.696713151590163
2.695530194847592
2.6943468645738875
2.6931685768970515
2.6945040923209054
2.698744946110543
2.708172741600806
2.7096876828917265
2.708508274639849
2.7125327501750305
2.708680870346596
2.710033888134351
2.711560355371463
2.704874240502616
2.7090930829421436
2.710434361340842
2.7063746676594724
2.7050295472752133
2.698291138782008
2.7023156142962073
2.700974549336877
2.699617262684825
2.6930483549208692
2.6863174169454296
2.6903239632169917
2.6862533839180265
2.6876008521772996
2.6918083554318315
2.690461527504651
2.6865924654652478
2.6879288346675567
2.6947206040169314
2.6935425031056623
2.6923690712723682
2.693722144733268
2.692548899665541
2.6913663164418646
2.6901904566868
2.6888410674382435
2.6901812786191193
2.6917039038767903
2.695743747319245
2.6943971328314325
2.690357289388978
2.6891887133931056
2.6905445059485986
2.686498899538294
2.685320425102011
2.6866651185935457
2.685322132644932
2.6895122936229576
2.68545516125597
2.6841027838003075
2.6829295387325804
2.687155718281526
2.680590972653441
2.676718228724614
2.6701836586668297
2.6715364630082226
2.675729959041944
2.6689734078527456
2.664933564410291
2.660893720946854
2.6568538775043993
2.6555175083020903
2.6541617157535913
2.65298249426728
2.6543346582835747
2.650317866733503
2.6462716199631293
2.644924578596581
2.643577537223038
2.647784373457688
2.643761818918784
2.6425717651825873
2.6413987068681872
2.642741906256169
2.644251324701151
2.651019615265418
2.652361533996209
2.6538817580137786
2.6527068320743084
2.654058142312148
2.652709820281414
2.6513657671149775
2.6500233905564974
2.6433244691157416
2.641966542131597
2.640628678825735
2.641984044488504
2.648886537615304
2.653094040869836
2.657133243994186
2.6613254059881437
2.6707726248525736
2.6695911622100588
2.665722713808839
2.6672266094000143
2.666039357104483
2.6646970114879616
2.6689171879453966
2.670264015872577
2.6716108437997574
2.6648905780025456
2.666237192490358
2.664892285552461
2.6662316429548816
2.659610708356161
2.658272204725201
2.6542208353260635
2.6530388123929676
2.654385640320148
2.653039239278698
2.6543918301807228
2.661084348335524
2.6597364531905208
2.655692767755511
2.6624130335527227
2.666460560959305
2.6733411761565824
2.674860679800548
2.6790688500749615
2.675182605844698
2.6847316105084365
2.688909098283559
2.6904302827940216
2.6917713477463576
2.693129274737496
2.691958644350987
