-0.0012054443 -0.0025024414 -0.0057373047
-9.613037E-4 1.9836426E-4 -0.0064697266
-0.001449585 -6.1035156E-5 -0.006958008
-0.0019378662 -2.89917E-4 -0.0072021484
-0.0021820068 -0.0010375977 -0.008178711
-0.0024261475 -0.0012817383 -0.008422852
-0.0016937256 -0.0017547607 -0.008422852
-0.0019378662 -0.002243042 -0.008178711
-0.002670288 -0.0012817383 -0.008666992
-0.002670288 -0.0012817383 -0.008911133
-0.0024261475 -0.0020141602 -0.009170532
-0.002670288 -0.0024871826 -0.009414673
-0.0021820068 -0.0027313232 -0.009170532
-0.002670288 -0.002243042 -0.008911133
-0.0021820068 -0.002243042 -0.0096588135
-0.002670288 -0.0020141602 -0.009414673
-0.0021820068 -0.0020141602 -0.0096588135
-0.002670288 -0.0010375977 -0.0096588135
-0.0029144287 -0.0020141602 -0.009902954
-0.0031738281 -0.0017700195 -0.008911133
-0.0029144287 -0.0015258789 -0.008911133
-0.0024261475 -0.0012817383 -0.008666992
-0.0021820068 -0.0012817383 -0.0096588135
-0.0021820068 -0.0010375977 -0.008422852
-0.0024261475 -0.0012664795 -0.008422852
-0.0024261475 -0.0012817383 -0.008422852
-0.0019378662 -0.0017700195 -0.008422852
-0.0024261475 -7.7819824E-4 -0.00793457
-0.0019378662 -7.7819824E-4 -0.0072021484
-0.0021820068 -7.7819824E-4 -0.0072021484
-0.0019378662 -5.340576E-4 -0.006958008
-0.001449585 -2.89917E-4 -0.006713867
-9.613037E-4 -5.340576E-4 -0.0059814453
5.340576E-4 0.0012512207 0.002609253
0.0010223389 0.0012512207 0.0030975342
0.0012664795 0.0012512207 0.0030975342
0.0012664795 0.0019683838 0.0028533936
7.7819824E-4 0.0014953613 0.0030975342
0.0012664795 0.0012512207 0.0030975342
0.0010223389 0.0012512207 0.0028533936
0.0010223389 7.6293945E-4 0.002609253
5.340576E-4 0.0019683838 0.002609253
7.7819824E-4 0.0019683838 0.0023651123
0.0010223389 0.0012512207 0.0023651123
0.0010223389 0.0010070801 0.0028533936
0.0012664795 7.6293945E-4 0.0023651123
2.89917E-4 0.0019683838 0.001876831
7.7819824E-4 0.0022277832 0.0021209717
0.0012664795 0.0022125244 0.0016326904
7.7819824E-4 0.0012512207 0.0023651123
0.0015106201 0.0010070801 0.0028533936
0.0010223389 0.0012512207 0.0028533936
0.0010223389 0.0012512207 0.0028533936
0.0010223389 7.6293945E-4 0.0023651123
5.340576E-4 5.0354004E-4 0.0023651123
0.0010223389 5.0354004E-4 0.0023651123
7.7819824E-4 0.0010070801 0.0021209717
7.7819824E-4 0.001739502 0.002609253
0.0010223389 0.0014953613 0.0023651123
0.0010223389 0.0012512207 0.0021209717
7.7819824E-4 7.6293945E-4 0.0023651123
0.0010223389 5.0354004E-4 0.0023651123
0.0010223389 7.6293945E-4 0.002609253
7.7819824E-4 0.0010070801 0.0023651123
0.0010223389 7.6293945E-4 0.0028533936
0.0012664795 0.0012512207 0.002609253
5.340576E-4 0.0014953613 0.0028533936
7.7819824E-4 9.918213E-4 0.002609253
0.0012664795 0.0012512207 0.0021209717
0.0010223389 0.0014953613 0.002609253
7.7819824E-4 0.0010070801 0.0021209717
7.7819824E-4 0.0014953613 0.0023651123
5.340576E-4 0.0022125244 0.002609253
7.7819824E-4 0.0022125244 0.0013885498
5.340576E-4 0.0019683838 0.0021209717
2.89917E-4 0.001739502 0.001876831
7.7819824E-4 0.0014801025 0.0021209717
7.7819824E-4 0.001739502 0.001876831
7.7819824E-4 0.001739502 0.0021209717
5.340576E-4 0.0019683838 0.0021209717
7.7819824E-4 0.001739502 0.0016326904
7.7819824E-4 0.0014953613 0.0021209717
5.340576E-4 0.0014953613 0.0021209717
7.7819824E-4 2.593994E-4 0.002609253
0.0012664795 0.0012512207 0.0023651123
0.0010223389 0.0010070801 0.0016326904
0.0010223389 0.0019683838 0.0023651123
7.7819824E-4 0.0019683838 0.0021209717
0.0010223389 9.918213E-4 0.002609253
0.0015106201 5.0354004E-4 0.0028533936
0.0012664795 9.918213E-4 0.002609253
7.7819824E-4 0.0010070801 0.0023651123
0.0010223389 5.0354004E-4 0.002609253
7.7819824E-4 0.0019683838 0.0028533936
0.0010223389 0.0022125244 0.001876831
2.89917E-4 0.0022277832 0.0021209717
0.0010223389 0.002456665 0.0023651123
7.7819824E-4 0.0019683838 0.0016326904
0.0010223389 0.0014953613 0.001876831
7.7819824E-4 0.0014953613 0.0021209717
0.0010223389 0.0012512207 0.002609253
7.7819824E-4 9.918213E-4 0.0023651123
0.0010223389 7.6293945E-4 0.002609253
0.0012664795 0.0012512207 0.0028533936
0.0012664795 5.0354004E-4 0.002609253
7.7819824E-4 0.0010070801 0.002609253
7.7819824E-4 9.918213E-4 0.0021209717
2.89917E-4 0.0010070801 0.0023651123
0.0010223389 0.0012359619 0.001876831
5.340576E-4 0.0010070801 0.001876831
0.0012664795 0.0012512207 0.001876831
0.0012664795 0.0012512207 0.0016326904
5.340576E-4 0.0012512207 0.0016326904
5.340576E-4 0.0014953613 0.0013885498
7.7819824E-4 7.4768066E-4 0.0013885498
2.89917E-4 0.0014953613 0.0013885498
7.7819824E-4 0.0012512207 0.0013885498
2.89917E-4 0.0022125244 0.0016326904
2.89917E-4 0.0012512207 0.0013885498
5.340576E-4 0.0019683838 0.0013885498
2.89917E-4 0.0019683838 0.0013885498
4.5776367E-5 0.0019683838 0.0013885498
7.7819824E-4 0.0014953613 0.0016326904
5.340576E-4 0.0014953613 0.0016326904
2.89917E-4 0.001739502 0.0016326904
0.0010223389 0.0012512207 0.001876831
7.7819824E-4 7.6293945E-4 0.0021209717
0.0012664795 0.0014953613 0.001876831
7.7819824E-4 0.0012512207 0.0016326904
7.7819824E-4 0.0012512207 0.0023651123
7.7819824E-4 0.0014953613 0.0016326904
5.340576E-4 0.0010070801 0.001876831
7.7819824E-4 9.918213E-4 0.0021209717
0.0012664795 0.001739502 0.0021209717
7.7819824E-4 0.0010070801 0.0021209717
7.7819824E-4 2.746582E-4 0.0023651123
7.7819824E-4 5.0354004E-4 0.0016326904
0.0012664795 5.0354004E-4 0.001876831
0.0012664795 5.0354004E-4 0.002609253
7.7819824E-4 2.593994E-4 0.0021209717
7.7819824E-4 1.5258789E-5 0.0021209717
5.340576E-4 5.0354004E-4 0.001876831
7.7819824E-4 2.593994E-4 0.0016326904
2.89917E-4 0.0010070801 0.001876831
5.340576E-4 5.0354004E-4 0.0023651123
2.89917E-4 7.6293945E-4 0.0021209717
0.0010223389 9.918213E-4 0.0023651123
0.0012664795 2.593994E-4 0.0023651123
0.0010223389 0.0012512207 0.0021209717
0.0012664795 2.593994E-4 0.0028533936
0.0010223389 0.0010070801 0.002609253
7.7819824E-4 7.6293945E-4 0.0016326904
7.7819824E-4 5.0354004E-4 0.0028533936
5.340576E-4 9.918213E-4 0.001876831
0.0015106201 9.918213E-4 0.001876831
0.0012664795 5.0354004E-4 0.002609253
0.0010223389 5.0354004E-4 0.0021209717
0.0010223389 7.6293945E-4 0.002609253
0.0010223389 0.0012512207 0.0016326904
7.7819824E-4 0.0010070801 0.0016326904
0.0012664795 5.0354004E-4 0.001876831
0.0012664795 2.593994E-4 0.0016326904
0.0012664795 -4.7302246E-4 0.001876831
7.7819824E-4 2.593994E-4 0.0023651123
7.7819824E-4 2.593994E-4 0.002609253
0.0010223389 0.0012512207 0.0021209717
7.7819824E-4 7.6293945E-4 0.0021209717
7.7819824E-4 0.0014953613 0.0021209717
0.0010223389 5.187988E-4 0.0021209717
0.0010223389 2.746582E-4 0.0023651123
7.7819824E-4 1.5258789E-5 0.002609253
0.0010223389 0.0010070801 0.001876831
0.0012664795 2.593994E-4 0.0021209717
0.0012664795 2.593994E-4 0.001876831
0.0012664795 1.5258789E-5 0.0021209717
0.0012664795 1.5258789E-5 0.001876831
0.0012664795 1.5258789E-5 0.0021209717
0.0010223389 7.6293945E-4 0.0021209717
0.0012664795 -2.2888184E-4 0.002609253
0.0010223389 1.5258789E-5 0.0021209717
0.0012664795 2.593994E-4 0.001876831
0.0015106201 5.0354004E-4 0.0016326904
0.0010223389 1.5258789E-5 0.001876831
2.89917E-4 2.593994E-4 0.0016326904
7.7819824E-4 0.0010070801 0.0016326904
0.0010223389 2.593994E-4 0.0016326904
7.7819824E-4 1.5258789E-5 0.0021209717
0.0010223389 2.593994E-4 0.0016326904
2.89917E-4 9.918213E-4 0.0013885498
2.89917E-4 9.918213E-4 0.001876831
4.5776367E-5 7.6293945E-4 0.0013885498
2.89917E-4 0.0012512207 0.0016326904
7.7819824E-4 5.0354004E-4 0.001876831
5.340576E-4 7.6293945E-4 0.0016326904
2.89917E-4 0.0012512207 0.0013885498
5.340576E-4 5.0354004E-4 0.0016326904
7.7819824E-4 5.0354004E-4 0.0016326904
5.340576E-4 2.593994E-4 0.001876831
7.7819824E-4 5.0354004E-4 0.001876831
7.7819824E-4 7.6293945E-4 0.0013885498
5.340576E-4 2.593994E-4 0.0016326904
5.340576E-4 2.593994E-4 0.0016326904
0.0010223389 2.593994E-4 0.0011444092
0.0012664795 -4.7302246E-4 0.0016326904
0.0010223389 2.746582E-4 0.0016326904
4.5776367E-5 -2.2888184E-4 0.0016326904
5.340576E-4 -9.460449E-4 0.0016326904
7.7819824E-4 -2.2888184E-4 0.0016326904
0.0010223389 -2.1362305E-4 0.0016326904
5.340576E-4 0.001739502 0.0013885498
7.7819824E-4 5.0354004E-4 9.0026855E-4
0.0010223389 1.5258789E-5 0.0016326904
4.5776367E-5 5.0354004E-4 0.001876831
0.0010223389 7.6293945E-4 0.002609253
0.0012664795 1.5258789E-5 0.0028533936
0.0010223389 0.0012512207 0.0028533936
0.0010223389 0.0010070801 0.002609253
0.0012664795 7.6293945E-4 0.0028533936
0.0012664795 0.0010070801 0.0028533936
0.0012664795 0.0012512207 0.0033416748
0.0015106201 0.0014953613 0.0030975342
0.0012664795 0.0014953613 0.0033416748
0.0010223389 0.0022125244 0.0033416748
0.0015106201 0.002456665 0.0035858154
0.0012664795 0.002456665 0.0040740967
0.0012664795 0.001739502 0.0043182373
0.0015106201 0.001739502 0.004562378
0.0012664795 0.0019683838 0.0048065186
0.0012664795 0.0014953613 0.0043182373
0.0019989014 0.001739502 0.004562378
0.0015106201 0.0022125244 0.0048065186
0.0017547607 0.001739502 0.005050659
0.0017547607 0.0019683838 0.005050659
0.0019989014 0.002456665 0.005050659
0.002243042 0.0014953613 0.0048065186
0.0015106201 0.0014801025 0.0048065186
0.0017547607 0.001739502 0.0040740967
0.002243042 0.0019683838 0.0052948
0.0017547607 0.001739502 0.005050659
0.0017547607 0.0022125244 0.0052948
0.0019989014 0.0010070801 0.0055389404
0.0024871826 0.0012512207 0.0060272217
0.0024871826 0.0014953613 0.0060272217
0.0024871826 0.0019683838 0.005783081
0.002243042 0.0019683838 0.0060272217
0.0017547607 0.002456665 0.005783081
0.0017547607 0.0027008057 0.0060272217
0.002243042 0.0027008057 0.0055389404
0.0019989014 0.0027008057 0.005783081
0.0019989014 0.0029449463 0.0055389404
0.0012664795 0.003692627 0.0052948
0.0017547607 0.0032043457 0.0055389404
0.002243042 0.0034484863 0.0055389404
0.002243042 0.0034484863 0.006515503
0.002243042 0.003692627 0.0060272217
0.0017547607 0.0029449463 0.0060272217
0.0024871826 0.002456665 0.006515503
0.002243042 0.0022125244 0.006515503
0.0017547607 0.0022277832 0.006515503
0.0024871826 0.0019683838 0.006515503
0.002243042 0.002456665 0.006515503
0.0024871826 0.0027008057 0.007003784
0.0024871826 0.0022125244 0.006515503
0.0024871826 0.0027008057 0.0067596436
0.002243042 0.0027008057 0.006515503
0.0027313232 0.002960205 0.0067596436
0.0024871826 0.003692627 0.006515503
0.002243042 0.0027008057 0.006515503
0.0024871826 0.0022125244 0.0074920654
0.002243042 0.0027008057 0.007247925
0.0024871826 0.0022125244 0.007247925
0.0027313232 0.0027008057 0.007003784
0.0029754639 0.0029449463 0.0067596436
0.0024871826 0.0027008057 0.007003784
0.0024871826 0.002456665 0.0074920654
0.0019989014 0.0022125244 0.0074920654
0.0024871826 0.0029449463 0.0074920654
0.0024871826 0.0022125244 0.0074920654
0.0024871826 0.0029449463 0.0074920654
0.0024871826 0.0027008057 0.007247925
0.002243042 0.0029449463 0.007003784
0.0024871826 0.0027008057 0.007247925
0.0027313232 0.002456665 0.007736206
0.0032348633 0.002456665 0.007736206
0.0029754639 0.0027008057 0.007736206
0.0024871826 0.0022125244 0.007736206
0.0024871826 0.0022125244 0.0074920654
0.0024871826 0.002456665 0.007980347
0.0024871826 0.002456665 0.007736206
0.0024871826 0.002456665 0.007736206
0.0029754639 0.002456665 0.007736206
0.0024871826 0.002456665 0.007736206
0.0024871826 0.0029449463 0.007736206
0.0027313232 0.002456665 0.007736206
0.0027313232 0.0027008057 0.008224487
0.0024871826 0.0034484863 0.007736206
0.0024871826 0.002456665 0.007736206
0.0027313232 0.0032043457 0.007736206
0.0027313232 0.0029449463 0.007736206
0.0024871826 0.0029449463 0.007980347
0.0029754639 0.0027008057 0.007736206
0.0027313232 0.0032043457 0.007736206
0.0024871826 0.0034484863 0.007980347
0.0024871826 0.0027008057 0.007736206
0.0024871826 0.0032043457 0.007980347
0.0027313232 0.0029449463 0.007980347
0.002243042 0.0029449463 0.007736206
0.0027313232 0.0032043457 0.007736206
0.0024871826 0.0032043457 0.007736206
0.0024871826 0.0034484863 0.007736206
0.0029754639 0.0027008057 0.008224487
0.0024871826 0.002456665 0.008224487
0.0024871826 0.0029449463 0.008224487
0.0024871826 0.0032043457 0.007980347
0.0029754639 0.0034484863 0.007736206
0.0027313232 0.004180908 0.007980347
0.0029754639 0.0029449463 0.008224487
0.0024871826 0.002456665 0.008224487
0.0024871826 0.002456665 0.008728027
0.0029754639 0.0032043457 0.007980347
0.0027313232 0.0034484863 0.007736206
0.0027313232 0.0034484863 0.007980347
0.0024871826 0.0029449463 0.007980347
0.0029754639 0.0034484863 0.008224487
0.003479004 0.0039367676 0.007980347
0.0029754639 0.0034484863 0.007736206
0.0019989014 0.0029449463 0.007980347
0.0029754639 0.0034484863 0.008224487
0.0027313232 0.0029449463 0.008224487
0.0027313232 0.0032043457 0.008224487
0.0027313232 0.0027008057 0.008483887
0.0032348633 0.0032043457 0.008483887
0.0027313232 0.0032043457 0.008224487
0.003479004 0.0032043457 0.008728027
0.0037231445 0.0032043457 0.008728027
0.003479004 0.0027008057 0.007980347
0.0032348633 0.0029449463 0.008728027
0.0024871826 0.003692627 0.008728027
0.0027313232 0.0034484863 0.008224487
0.0032348633 0.0029449463 0.008972168
0.0029754639 0.0029449463 0.008728027
2.746582E-4 -4.4250488E-4 3.5095215E-4
-7.171631E-4 -4.5776367E-4 8.392334E-4
2.746582E-4 -4.5776367E-4 3.5095215E-4
-2.2888184E-4 2.89917E-4 5.950928E-4
1.5258789E-5 -2.1362305E-4 1.0681152E-4
1.5258789E-5 -2.1362305E-4 3.5095215E-4
5.187988E-4 2.89917E-4 5.950928E-4
2.746582E-4 -2.1362305E-4 5.950928E-4
2.746582E-4 5.340576E-4 5.950928E-4
-2.2888184E-4 2.89917E-4 3.5095215E-4
1.5258789E-5 4.5776367E-5 1.0681152E-4
1.5258789E-5 2.89917E-4 1.0681152E-4
-2.2888184E-4 5.340576E-4 5.950928E-4
-2.2888184E-4 5.340576E-4 1.0681152E-4
-4.7302246E-4 -2.1362305E-4 5.950928E-4
2.746582E-4 2.89917E-4 -1.5258789E-4
-4.7302246E-4 5.340576E-4 3.5095215E-4
-7.171631E-4 0.0015106201 3.5095215E-4
-4.7302246E-4 0.0010223389 1.0681152E-4
-4.7302246E-4 0.0010223389 3.5095215E-4
-4.7302246E-4 7.7819824E-4 3.5095215E-4
-4.7302246E-4 4.5776367E-5 8.392334E-4
1.5258789E-5 5.340576E-4 5.950928E-4
-4.7302246E-4 5.340576E-4 3.5095215E-4
-2.2888184E-4 -2.1362305E-4 5.950928E-4
-2.2888184E-4 -7.019043E-4 5.950928E-4
1.5258789E-5 2.89917E-4 5.950928E-4
2.746582E-4 2.89917E-4 8.392334E-4
-2.2888184E-4 4.5776367E-5 5.950928E-4
1.5258789E-5 4.5776367E-5 5.950928E-4
-4.7302246E-4 5.340576E-4 3.5095215E-4
1.5258789E-5 7.7819824E-4 3.5095215E-4
-2.2888184E-4 5.340576E-4 5.950928E-4
-4.7302246E-4 5.340576E-4 3.5095215E-4
5.187988E-4 -7.019043E-4 0.001083374
-4.7302246E-4 -2.1362305E-4 8.392334E-4
5.187988E-4 -4.5776367E-4 5.950928E-4
1.5258789E-5 4.5776367E-5 8.392334E-4
2.746582E-4 -4.5776367E-4 0.0013122559
1.5258789E-5 4.5776367E-5 5.950928E-4
5.187988E-4 5.340576E-4 5.950928E-4
-2.2888184E-4 -2.1362305E-4 8.392334E-4
2.746582E-4 5.340576E-4 5.950928E-4
1.5258789E-5 -2.1362305E-4 5.950928E-4
2.746582E-4 2.89917E-4 5.950928E-4
2.746582E-4 -4.5776367E-4 5.950928E-4
1.5258789E-5 -4.5776367E-4 5.950928E-4
5.187988E-4 -2.1362305E-4 8.392334E-4
2.746582E-4 2.89917E-4 0.001083374
1.5258789E-5 0.0015106201 5.950928E-4
1.5258789E-5 0.0010223389 5.950928E-4
2.746582E-4 0.0010223389 5.950928E-4
2.746582E-4 0.0010223389 5.950928E-4
-2.2888184E-4 7.7819824E-4 8.392334E-4
1.5258789E-5 4.5776367E-5 0.001083374
7.6293945E-4 4.5776367E-5 8.392334E-4
0.0010070801 2.89917E-4 5.950928E-4
0.0012512207 4.5776367E-5 5.950928E-4
0.0012512207 2.89917E-4 8.392334E-4
9.918213E-4 -2.1362305E-4 5.950928E-4
7.6293945E-4 -2.1362305E-4 5.950928E-4
5.187988E-4 5.340576E-4 0.001083374
9.918213E-4 2.89917E-4 3.5095215E-4
2.746582E-4 0.0010223389 0.001083374
1.5258789E-5 0.0010223389 0.001083374
1.5258789E-5 7.7819824E-4 5.950928E-4
-2.2888184E-4 7.7819824E-4 5.950928E-4
5.187988E-4 5.340576E-4 8.392334E-4
5.187988E-4 4.5776367E-5 0.0015563965
5.187988E-4 5.340576E-4 5.950928E-4
1.5258789E-5 4.5776367E-5 8.392334E-4
1.5258789E-5 4.5776367E-5 0.001083374
5.187988E-4 -2.1362305E-4 0.001083374
1.5258789E-5 -4.5776367E-4 0.0013122559
5.187988E-4 4.5776367E-5 0.001083374
1.5258789E-5 4.5776367E-5 5.950928E-4
1.5258789E-5 7.7819824E-4 8.392334E-4
5.187988E-4 -2.1362305E-4 0.0015563965
5.187988E-4 -2.1362305E-4 8.392334E-4
1.5258789E-5 3.0517578E-5 0.001083374
5.187988E-4 2.89917E-4 0.001083374
5.187988E-4 2.89917E-4 0.0013122559
5.187988E-4 5.340576E-4 0.001083374
1.5258789E-5 0.0010223389 5.950928E-4
1.5258789E-5 -2.1362305E-4 0.0013122559
-4.7302246E-4 0.0010223389 5.950928E-4
2.746582E-4 0.0015106201 8.392334E-4
2.746582E-4 5.340576E-4 8.392334E-4
5.187988E-4 7.7819824E-4 5.950928E-4
5.187988E-4 2.89917E-4 0.0018005371
5.187988E-4 -2.1362305E-4 0.0015563965
2.746582E-4 -2.1362305E-4 0.0015563965
5.187988E-4 2.89917E-4 0.0015563965
2.746582E-4 5.340576E-4 0.0015563965
1.5258789E-5 4.5776367E-5 0.001083374
1.5258789E-5 4.5776367E-5 0.0013122559
1.5258789E-5 0.0010223389 0.0015563965
-0.0016937256 0.0010223389 0.001083374
-0.0021820068 7.7819824E-4 0.0013122559
5.187988E-4 7.7819824E-4 0.0013122559
7.6293945E-4 -2.1362305E-4 0.0013122559
5.187988E-4 2.89917E-4 0.0013122559
7.6293945E-4 5.340576E-4 0.0013122559
2.746582E-4 2.89917E-4 0.0015563965
7.6293945E-4 5.340576E-4 0.0018005371
-2.2888184E-4 7.7819824E-4 0.0015563965
1.5258789E-5 5.340576E-4 0.001083374
1.5258789E-5 4.5776367E-5 0.0018005371
7.6293945E-4 5.340576E-4 0.0018005371
7.6293945E-4 7.7819824E-4 0.0015563965
5.187988E-4 2.89917E-4 0.0015563965
5.187988E-4 4.5776367E-5 0.0018005371
5.187988E-4 5.340576E-4 0.0015563965
2.746582E-4 2.89917E-4 0.0015563965
5.187988E-4 0.0010223389 0.0015716553
7.6293945E-4 4.5776367E-5 0.0013122559
5.187988E-4 0.0010223389 0.0015563965
1.5258789E-5 0.0010223389 0.001083374
2.746582E-4 7.7819824E-4 0.0015563965
5.187988E-4 5.340576E-4 0.0015563965
5.187988E-4 0.0010223389 0.0015563965
1.5258789E-5 0.0012664795 0.001083374
-2.2888184E-4 7.7819824E-4 0.0013122559
2.746582E-4 2.89917E-4 0.0015563965
2.746582E-4 0.0015106201 8.392334E-4
1.5258789E-5 0.0012664795 0.0013122559
2.746582E-4 2.89917E-4 0.0015563965
7.6293945E-4 0.0010223389 0.0018005371
7.6293945E-4 5.340576E-4 0.0018005371
5.187988E-4 5.340576E-4 0.0013122559
0.0010070801 0.0010223389 0.0018005371
7.6293945E-4 2.89917E-4 0.0015563965
5.187988E-4 5.340576E-4 0.0018005371
2.746582E-4 7.7819824E-4 0.0013122559
7.6293945E-4 2.89917E-4 0.0015563965
5.187988E-4 7.7819824E-4 0.0015563965
2.746582E-4 0.0012664795 0.0013122559
5.187988E-4 2.89917E-4 0.0018005371
7.6293945E-4 2.89917E-4 0.0018005371
5.187988E-4 0.0010223389 0.0018005371
2.746582E-4 7.7819824E-4 0.0015563965
2.746582E-4 5.340576E-4 0.0015563965
5.187988E-4 0.0015106201 0.0015563965
1.5258789E-5 0.0010223389 0.0018005371
5.187988E-4 2.89917E-4 0.0018005371
5.187988E-4 0.0010223389 0.0015563965
2.746582E-4 5.340576E-4 0.0018005371
2.746582E-4 5.340576E-4 0.0015563965
7.6293945E-4 5.340576E-4 0.0013122559
2.746582E-4 5.340576E-4 0.0018005371
5.187988E-4 2.89917E-4 0.0015563965
2.746582E-4 5.340576E-4 0.0018005371
7.6293945E-4 4.5776367E-5 0.0022888184
7.6293945E-4 2.89917E-4 0.0015563965
2.746582E-4 4.5776367E-5 0.0015563965
5.187988E-4 5.340576E-4 0.0015563965
7.6293945E-4 5.340576E-4 0.0015563965
2.746582E-4 2.89917E-4 0.0015716553
7.6293945E-4 2.89917E-4 0.0018005371
5.187988E-4 2.89917E-4 0.0020446777
2.746582E-4 2.89917E-4 0.0018005371
7.6293945E-4 4.5776367E-5 0.0018005371
0.0010070801 4.5776367E-5 0.0020446777
5.187988E-4 5.340576E-4 0.0018005371
2.746582E-4 0.0010223389 0.0018005371
5.187988E-4 7.7819824E-4 0.0018005371
5.187988E-4 5.340576E-4 0.0018005371
7.6293945E-4 2.89917E-4 0.0018005371
7.6293945E-4 5.340576E-4 0.0020446777
1.5258789E-5 5.340576E-4 0.0015563965
2.746582E-4 7.7819824E-4 0.0022888184
5.187988E-4 5.340576E-4 0.0020446777
7.6293945E-4 5.340576E-4 0.0018005371
2.746582E-4 5.340576E-4 0.0018005371
7.6293945E-4 5.340576E-4 0.0018005371
5.187988E-4 7.7819824E-4 0.0015563965
-2.2888184E-4 7.7819824E-4 0.0018005371
2.746582E-4 0.0010223389 0.0020446777
5.187988E-4 2.89917E-4 0.0013122559
7.6293945E-4 7.7819824E-4 0.0020446777
7.6293945E-4 4.5776367E-5 0.0018005371
5.187988E-4 2.89917E-4 0.0018005371
7.6293945E-4 2.89917E-4 0.0018005371
5.187988E-4 4.5776367E-5 0.0018005371
5.187988E-4 0.0010223389 0.0015563965
5.187988E-4 0.0012664795 0.0015563965
5.187988E-4 5.340576E-4 0.0018005371
5.187988E-4 2.89917E-4 0.0020446777
7.6293945E-4 5.340576E-4 0.0018005371
7.6293945E-4 7.7819824E-4 0.0020446777
2.746582E-4 2.89917E-4 0.0020446777
5.187988E-4 0.0010223389 0.0020446777
7.6293945E-4 0.0010223389 0.0020446777
5.187988E-4 5.340576E-4 0.0020446777
2.746582E-4 5.340576E-4 0.0018005371
0.0010070801 5.340576E-4 0.0018005371
-2.2888184E-4 5.340576E-4 0.0018005371
5.187988E-4 7.7819824E-4 0.0018005371
5.187988E-4 7.7819824E-4 0.0020446777
5.187988E-4 0.0012664795 0.0015563965
5.187988E-4 7.7819824E-4 0.0018005371
1.5258789E-5 7.7819824E-4 0.0018005371
2.746582E-4 0.0015106201 0.0015563965
2.746582E-4 0.0010223389 0.0020446777
7.6293945E-4 0.0010223389 0.0020446777
5.187988E-4 0.0012664795 0.0018005371
5.187988E-4 4.5776367E-5 0.0018005371
1.5258789E-5 7.7819824E-4 0.0015563965
7.6293945E-4 5.340576E-4 0.0018005371
-2.2888184E-4 0.0012664795 0.0020446777
7.6293945E-4 7.7819824E-4 0.0018005371
7.6293945E-4 7.7819824E-4 0.0020446777
7.6293945E-4 7.7819824E-4 0.0018005371
2.746582E-4 0.0015106201 0.0018005371
5.187988E-4 0.0012664795 0.0018005371
-2.2888184E-4 7.7819824E-4 0.0018005371
-9.613037E-4 0.0010223389 0.0018005371
5.187988E-4 0.0017547607 0.0015563965
1.5258789E-5 7.7819824E-4 0.0020446777
2.746582E-4 0.0015106201 0.0018005371
7.6293945E-4 0.0012664795 0.0015563965
5.187988E-4 7.7819824E-4 0.0018005371
5.187988E-4 2.89917E-4 0.0020446777
7.6293945E-4 0.0017547607 0.0013122559
5.187988E-4 0.0010223389 0.0018005371
5.187988E-4 5.340576E-4 0.0022888184
0.0010070801 0.0010223389 0.0020446777
5.187988E-4 7.7819824E-4 0.0018005371
7.6293945E-4 4.5776367E-5 0.0018005371
0.0010070801 5.340576E-4 0.0018005371
2.746582E-4 7.7819824E-4 0.0018005371
7.6293945E-4 5.340576E-4 0.0018005371
7.6293945E-4 7.7819824E-4 0.0018005371
5.187988E-4 5.340576E-4 0.0018005371
7.6293945E-4 5.340576E-4 0.0020446777
5.187988E-4 5.340576E-4 0.0015563965
2.746582E-4 5.340576E-4 0.0018005371
2.746582E-4 7.7819824E-4 0.0018005371
2.746582E-4 2.89917E-4 0.0018005371
7.6293945E-4 2.89917E-4 0.0025482178
7.6293945E-4 5.340576E-4 0.0020446777
1.5258789E-5 0.0010223389 0.0018005371
2.746582E-4 0.0015106201 0.0020446777
1.5258789E-5 0.0017547607 0.0018005371
2.746582E-4 0.0015106201 0.0018005371
1.5258789E-5 0.0017547607 0.0020446777
5.187988E-4 0.0017547607 0.0018005371
7.6293945E-4 0.0012664795 0.0018005371
7.6293945E-4 0.0010223389 0.0020446777
7.6293945E-4 5.340576E-4 0.0018005371
5.187988E-4 7.7819824E-4 0.0020446777
1.5258789E-5 7.7819824E-4 0.0020446777
5.187988E-4 7.7819824E-4 0.0020446777
7.6293945E-4 7.7819824E-4 0.0020446777
5.187988E-4 7.7819824E-4 0.0025482178
7.6293945E-4 5.340576E-4 0.0020446777
5.187988E-4 0.0012664795 0.0018005371
5.187988E-4 7.7819824E-4 0.0025482178
2.746582E-4 0.0010223389 0.0018005371
5.187988E-4 7.7819824E-4 0.0018005371
0.0010070801 7.7819824E-4 0.0020446777
1.5258789E-5 7.7819824E-4 0.0018005371
5.187988E-4 7.7819824E-4 0.0018005371
7.6293945E-4 2.89917E-4 0.0018005371
7.6293945E-4 0.0017547607 0.0020446777
5.187988E-4 0.0010223389 0.0022888184
2.746582E-4 0.0010223389 0.0020446777
5.187988E-4 0.0015106201 0.0018005371
7.6293945E-4 0.0012664795 0.0018005371
5.187988E-4 0.0010223389 0.0018005371
5.187988E-4 5.340576E-4 0.0022888184
0.0012512207 4.5776367E-5 0.0020446777
2.746582E-4 0.0010223389 0.0018005371
1.5258789E-5 2.89917E-4 0.0022888184
7.6293945E-4 7.7819824E-4 0.0020446777
7.6293945E-4 7.7819824E-4 0.0020446777
2.746582E-4 0.0010223389 0.0020446777
5.187988E-4 7.7819824E-4 0.0022888184
7.6293945E-4 7.7819824E-4 0.0020446777
5.187988E-4 0.0010223389 0.0018005371
7.6293945E-4 0.0010223389 0.0018005371
7.6293945E-4 2.89917E-4 0.0018005371
7.6293945E-4 5.340576E-4 0.0022888184
5.187988E-4 5.340576E-4 0.0025482178
5.187988E-4 2.89917E-4 0.0022888184
0.0010070801 0.0010223389 0.0022888184
2.746582E-4 0.0012664795 0.0020446777
5.187988E-4 0.0017547607 0.0022888184
5.187988E-4 0.0019989014 0.0018005371
5.187988E-4 5.340576E-4 0.0018005371
5.187988E-4 7.7819824E-4 0.0020446777
5.187988E-4 7.7819824E-4 0.0018005371
7.6293945E-4 7.7819824E-4 0.0018005371
5.187988E-4 7.7819824E-4 0.0020446777
2.746582E-4 5.340576E-4 0.0020446777
7.6293945E-4 2.89917E-4 0.0027923584
7.6293945E-4 7.7819824E-4 0.0018005371
2.746582E-4 7.7819824E-4 0.0027923584
2.746582E-4 0.0010223389 0.0022888184
5.187988E-4 0.0010223389 0.0018005371
5.187988E-4 0.0015106201 0.0020446777
5.187988E-4 0.0012664795 0.0015563965
1.5258789E-5 7.7819824E-4 0.0020446777
5.187988E-4 0.0010223389 0.0015563965
2.746582E-4 7.7819824E-4 0.0020446777
7.6293945E-4 0.0012664795 0.0018005371
5.187988E-4 0.0010223389 0.0022888184
7.6293945E-4 0.0010223389 0.0018005371
7.6293945E-4 7.7819824E-4 0.0018005371
2.746582E-4 5.340576E-4 0.0025482178
1.5258789E-5 3.6621094E-4 9.918213E-4
2.593994E-4 -1.2207031E-4 5.0354004E-4
1.5258789E-5 3.6621094E-4 -2.4414062E-4
-2.2888184E-4 3.6621094E-4 -2.4414062E-4
1.5258789E-5 -1.2207031E-4 5.0354004E-4
-4.8828125E-4 1.2207031E-4 5.0354004E-4
2.593994E-4 1.2207031E-4 0.0
1.5258789E-5 8.544922E-4 5.0354004E-4
0.0 8.544922E-4 0.0
2.593994E-4 3.6621094E-4 -2.4414062E-4
-4.8828125E-4 8.544922E-4 -2.4414062E-4
1.5258789E-5 6.1035156E-4 5.0354004E-4
1.5258789E-5 0.0013427734 2.4414062E-4
-2.4414062E-4 8.544922E-4 -2.4414062E-4
1.5258789E-5 8.544922E-4 -2.4414062E-4
2.593994E-4 8.544922E-4 -2.4414062E-4
-2.2888184E-4 8.544922E-4 0.0
2.593994E-4 1.2207031E-4 0.0
2.593994E-4 1.2207031E-4 5.0354004E-4
-4.8828125E-4 -1.2207031E-4 0.0
-7.324219E-4 0.0015869141 0.0
1.5258789E-5 3.6621094E-4 2.4414062E-4
2.593994E-4 3.6621094E-4 9.918213E-4
2.593994E-4 1.2207031E-4 0.0
1.5258789E-5 8.544922E-4 -2.4414062E-4
2.593994E-4 8.544922E-4 0.0
1.5258789E-5 3.6621094E-4 -2.4414062E-4
-2.2888184E-4 3.6621094E-4 -2.4414062E-4
1.5258789E-5 -1.2207031E-4 0.0
2.593994E-4 1.2207031E-4 2.4414062E-4
1.5258789E-5 3.6621094E-4 5.0354004E-4
2.593994E-4 3.6621094E-4 0.0
2.593994E-4 -6.1035156E-4 7.4768066E-4
2.593994E-4 -3.6621094E-4 0.0
2.593994E-4 1.2207031E-4 2.4414062E-4
5.0354004E-4 1.2207031E-4 2.4414062E-4
1.5258789E-5 1.2207031E-4 2.4414062E-4
2.593994E-4 -1.2207031E-4 5.0354004E-4
-2.2888184E-4 6.1035156E-4 0.0
1.5258789E-5 1.2207031E-4 5.0354004E-4
1.5258789E-5 -1.2207031E-4 5.0354004E-4
1.5258789E-5 3.6621094E-4 5.0354004E-4
2.593994E-4 1.2207031E-4 5.0354004E-4
7.4768066E-4 1.2207031E-4 0.0
2.593994E-4 -1.2207031E-4 5.0354004E-4
-2.2888184E-4 -1.2207031E-4 5.0354004E-4
1.5258789E-5 -1.2207031E-4 5.0354004E-4
-4.8828125E-4 -3.6621094E-4 5.0354004E-4
2.593994E-4 1.2207031E-4 7.4768066E-4
2.593994E-4 -1.2207031E-4 7.4768066E-4
2.593994E-4 -6.1035156E-4 2.4414062E-4
2.593994E-4 3.6621094E-4 5.0354004E-4
1.5258789E-5 1.2207031E-4 9.918213E-4
1.5258789E-5 3.6621094E-4 2.4414062E-4
-2.2888184E-4 1.2207031E-4 0.0
2.593994E-4 -1.2207031E-4 7.4768066E-4
2.593994E-4 1.2207031E-4 7.4768066E-4
2.593994E-4 -3.6621094E-4 7.4768066E-4
1.5258789E-5 -1.2207031E-4 2.4414062E-4
1.5258789E-5 6.1035156E-4 7.4768066E-4
1.5258789E-5 -1.2207031E-4 2.4414062E-4
1.5258789E-5 -1.2207031E-4 5.0354004E-4
-2.2888184E-4 -3.6621094E-4 5.0354004E-4
1.5258789E-5 6.1035156E-4 5.0354004E-4
1.5258789E-5 3.6621094E-4 5.0354004E-4
-4.8828125E-4 1.2207031E-4 5.0354004E-4
2.593994E-4 -1.2207031E-4 9.918213E-4
1.5258789E-5 -1.2207031E-4 9.918213E-4
2.593994E-4 -1.2207031E-4 7.4768066E-4
-2.2888184E-4 3.6621094E-4 5.0354004E-4
2.593994E-4 3.6621094E-4 0.0
-2.2888184E-4 -1.2207031E-4 -2.4414062E-4
-2.2888184E-4 -1.2207031E-4 0.0
1.5258789E-5 8.544922E-4 0.0
1.5258789E-5 1.2207031E-4 2.4414062E-4
2.593994E-4 -3.6621094E-4 7.4768066E-4
2.593994E-4 -3.6621094E-4 5.0354004E-4
-2.2888184E-4 -3.6621094E-4 2.4414062E-4
2.593994E-4 1.2207031E-4 7.4768066E-4
1.5258789E-5 1.2207031E-4 5.0354004E-4
2.593994E-4 -1.2207031E-4 5.0354004E-4
2.593994E-4 -1.2207031E-4 7.4768066E-4
1.5258789E-5 -3.6621094E-4 5.0354004E-4
2.593994E-4 -1.2207031E-4 5.0354004E-4
2.593994E-4 -3.6621094E-4 0.0
2.593994E-4 -3.6621094E-4 5.0354004E-4
2.593994E-4 -3.6621094E-4 0.0
2.593994E-4 6.1035156E-4 0.0
2.593994E-4 6.1035156E-4 2.4414062E-4
2.593994E-4 8.544922E-4 5.0354004E-4
-2.2888184E-4 6.1035156E-4 0.0
2.593994E-4 8.544922E-4 2.4414062E-4
1.5258789E-5 6.1035156E-4 2.4414062E-4
1.5258789E-5 6.1035156E-4 5.0354004E-4
1.5258789E-5 8.544922E-4 5.0354004E-4
2.593994E-4 1.2207031E-4 7.4768066E-4
1.5258789E-5 8.544922E-4 2.4414062E-4
-4.8828125E-4 0.0013427734 -2.4414062E-4
2.593994E-4 6.1035156E-4 2.4414062E-4
-4.8828125E-4 0.0010986328 9.918213E-4
2.593994E-4 8.544922E-4 5.0354004E-4
2.593994E-4 8.544922E-4 0.0
2.593994E-4 8.544922E-4 7.4768066E-4
1.5258789E-5 8.544922E-4 0.0
1.5258789E-5 -1.2207031E-4 5.0354004E-4
1.5258789E-5 8.544922E-4 9.918213E-4
2.593994E-4 6.1035156E-4 7.4768066E-4
2.593994E-4 3.6621094E-4 5.0354004E-4
2.593994E-4 8.544922E-4 0.0
1.5258789E-5 3.6621094E-4 7.4768066E-4
2.593994E-4 6.1035156E-4 2.4414062E-4
2.593994E-4 6.1035156E-4 0.0
2.593994E-4 6.1035156E-4 9.918213E-4
2.593994E-4 1.2207031E-4 7.4768066E-4
-4.8828125E-4 1.2207031E-4 2.4414062E-4
2.593994E-4 1.2207031E-4 5.0354004E-4
2.593994E-4 6.1035156E-4 2.4414062E-4
1.5258789E-5 1.2207031E-4 0.0
-2.2888184E-4 6.1035156E-4 2.4414062E-4
1.5258789E-5 0.0015869141 -2.4414062E-4
-7.324219E-4 0.0020751953 5.0354004E-4
1.5258789E-5 0.0018310547 7.4768066E-4
2.593994E-4 0.0013427734 0.0
1.5258789E-5 0.0010986328 0.0
2.593994E-4 0.0010986328 2.4414062E-4
2.593994E-4 8.544922E-4 5.0354004E-4
-2.2888184E-4 6.1035156E-4 7.4768066E-4
5.0354004E-4 1.2207031E-4 7.4768066E-4
2.593994E-4 3.6621094E-4 7.4768066E-4
1.5258789E-5 6.1035156E-4 2.4414062E-4
2.593994E-4 1.2207031E-4 9.918213E-4
2.593994E-4 1.2207031E-4 9.918213E-4
2.593994E-4 -3.6621094E-4 9.918213E-4
2.593994E-4 3.6621094E-4 5.0354004E-4
7.4768066E-4 -1.2207031E-4 9.918213E-4
2.593994E-4 -3.6621094E-4 9.918213E-4
2.593994E-4 -1.2207031E-4 9.918213E-4
2.593994E-4 -1.2207031E-4 9.918213E-4
5.0354004E-4 -1.2207031E-4 9.918213E-4
1.5258789E-5 8.544922E-4 9.918213E-4
7.4768066E-4 -3.6621094E-4 7.4768066E-4
5.0354004E-4 1.2207031E-4 5.0354004E-4
1.5258789E-5 3.6621094E-4 7.4768066E-4
2.593994E-4 -1.2207031E-4 9.918213E-4
2.593994E-4 1.2207031E-4 7.4768066E-4
1.5258789E-5 6.1035156E-4 9.918213E-4
2.593994E-4 3.6621094E-4 7.4768066E-4
5.0354004E-4 1.2207031E-4 5.0354004E-4
-2.2888184E-4 3.6621094E-4 7.324219E-4
5.0354004E-4 1.2207031E-4 9.918213E-4
2.593994E-4 -1.2207031E-4 9.918213E-4
2.593994E-4 -1.2207031E-4 5.0354004E-4
1.5258789E-5 6.1035156E-4 9.918213E-4
2.593994E-4 8.544922E-4 5.0354004E-4
2.593994E-4 6.1035156E-4 7.4768066E-4
1.5258789E-5 3.6621094E-4 7.4768066E-4
2.593994E-4 3.6621094E-4 5.0354004E-4
1.5258789E-5 6.1035156E-4 7.4768066E-4
1.5258789E-5 6.1035156E-4 2.4414062E-4
1.5258789E-5 -1.2207031E-4 9.918213E-4
2.593994E-4 -1.2207031E-4 9.918213E-4
2.593994E-4 1.2207031E-4 7.4768066E-4
1.5258789E-5 8.544922E-4 7.4768066E-4
1.5258789E-5 6.1035156E-4 5.0354004E-4
2.593994E-4 3.6621094E-4 9.918213E-4
1.5258789E-5 8.544922E-4 0.0012359619
2.593994E-4 6.1035156E-4 5.0354004E-4
2.593994E-4 3.6621094E-4 0.0
2.593994E-4 1.2207031E-4 5.0354004E-4
1.5258789E-5 3.6621094E-4 5.0354004E-4
-2.2888184E-4 3.6621094E-4 9.918213E-4
5.0354004E-4 6.1035156E-4 9.918213E-4
5.0354004E-4 8.544922E-4 9.918213E-4
-4.8828125E-4 0.0010986328 9.918213E-4
1.5258789E-5 8.544922E-4 0.0
1.5258789E-5 0.0010986328 9.918213E-4
2.593994E-4 0.0013427734 7.4768066E-4
5.0354004E-4 8.544922E-4 7.4768066E-4
1.5258789E-5 6.1035156E-4 7.4768066E-4
1.5258789E-5 8.544922E-4 5.0354004E-4
1.5258789E-5 8.544922E-4 9.918213E-4
2.593994E-4 6.1035156E-4 7.4768066E-4
1.5258789E-5 6.1035156E-4 2.4414062E-4
1.5258789E-5 8.544922E-4 5.0354004E-4
2.593994E-4 6.1035156E-4 5.0354004E-4
2.593994E-4 8.544922E-4 5.0354004E-4
-4.8828125E-4 0.002319336 0.0
1.5258789E-5 0.0020751953 -2.4414062E-4
-2.2888184E-4 0.0018310547 2.4414062E-4
1.5258789E-5 8.544922E-4 5.0354004E-4
1.5258789E-5 0.0013427734 5.0354004E-4
-4.8828125E-4 8.544922E-4 5.0354004E-4
-2.2888184E-4 8.544922E-4 -2.4414062E-4
2.593994E-4 1.2207031E-4 0.0012359619
2.593994E-4 8.544922E-4 9.918213E-4
2.593994E-4 0.0013427734 5.0354004E-4
1.5258789E-5 0.0013427734 9.918213E-4
2.593994E-4 8.544922E-4 9.918213E-4
2.593994E-4 6.1035156E-4 9.918213E-4
1.5258789E-5 8.544922E-4 9.918213E-4
2.593994E-4 8.544922E-4 7.4768066E-4
1.5258789E-5 8.544922E-4 7.4768066E-4
2.593994E-4 0.0013427734 7.4768066E-4
-2.2888184E-4 0.0010986328 5.0354004E-4
2.593994E-4 6.1035156E-4 7.4768066E-4
2.593994E-4 6.1035156E-4 7.4768066E-4
1.5258789E-5 8.544922E-4 5.0354004E-4
-2.2888184E-4 6.1035156E-4 5.0354004E-4
1.5258789E-5 8.544922E-4 5.0354004E-4
-4.8828125E-4 8.544922E-4 5.0354004E-4
1.5258789E-5 8.544922E-4 9.918213E-4
2.593994E-4 8.544922E-4 5.0354004E-4
2.593994E-4 0.0010986328 5.0354004E-4
2.593994E-4 8.544922E-4 7.4768066E-4
-2.2888184E-4 0.0010986328 5.0354004E-4
-2.2888184E-4 6.1035156E-4 9.918213E-4
-4.8828125E-4 6.1035156E-4 2.4414062E-4
2.593994E-4 8.544922E-4 7.4768066E-4
1.5258789E-5 6.1035156E-4 5.0354004E-4
2.593994E-4 8.544922E-4 7.4768066E-4
-4.8828125E-4 3.6621094E-4 9.918213E-4
1.5258789E-5 8.544922E-4 5.0354004E-4
2.593994E-4 0.0010986328 7.4768066E-4
2.593994E-4 0.0015869141 7.4768066E-4
-7.324219E-4 0.0010986328 0.0
1.5258789E-5 0.0013427734 7.4768066E-4
2.593994E-4 0.0018310547 9.918213E-4
1.5258789E-5 6.1035156E-4 9.918213E-4
2.593994E-4 6.1035156E-4 9.918213E-4
2.593994E-4 6.1035156E-4 7.4768066E-4
2.593994E-4 -1.2207031E-4 9.918213E-4
2.593994E-4 6.1035156E-4 9.918213E-4
-7.324219E-4 0.0018310547 5.0354004E-4
1.5258789E-5 0.0010986328 2.4414062E-4
1.5258789E-5 0.0013427734 2.4414062E-4
1.5258789E-5 8.544922E-4 9.918213E-4
2.593994E-4 6.1035156E-4 9.918213E-4
1.5258789E-5 3.6621094E-4 9.918213E-4
2.593994E-4 1.2207031E-4 0.0012359619
2.593994E-4 1.2207031E-4 9.918213E-4
2.593994E-4 6.1035156E-4 9.918213E-4
-2.2888184E-4 0.0010986328 9.918213E-4
2.593994E-4 8.544922E-4 0.0012359619
2.593994E-4 1.2207031E-4 7.4768066E-4
2.593994E-4 8.544922E-4 9.918213E-4
2.593994E-4 8.544922E-4 9.918213E-4
2.593994E-4 0.0010986328 9.918213E-4
2.593994E-4 0.0015869141 9.918213E-4
2.593994E-4 0.0015869141 7.4768066E-4
1.5258789E-5 8.544922E-4 9.918213E-4
2.593994E-4 6.1035156E-4 9.918213E-4
-2.2888184E-4 0.0015869141 5.0354004E-4
2.593994E-4 0.0018310547 -2.4414062E-4
2.593994E-4 0.0010986328 7.4768066E-4
2.593994E-4 8.544922E-4 9.918213E-4
2.593994E-4 0.0010986328 5.0354004E-4
1.5258789E-5 0.0010986328 9.918213E-4
1.5258789E-5 0.0010986328 9.918213E-4
2.593994E-4 6.1035156E-4 0.0012359619
1.5258789E-5 0.0010986328 9.918213E-4
2.593994E-4 8.544922E-4 9.918213E-4
2.593994E-4 3.6621094E-4 9.918213E-4
5.0354004E-4 6.1035156E-4 9.918213E-4
2.593994E-4 3.6621094E-4 9.918213E-4
2.593994E-4 6.1035156E-4 9.918213E-4
2.593994E-4 8.544922E-4 9.918213E-4
2.593994E-4 0.0010986328 0.0012359619
2.593994E-4 6.1035156E-4 9.918213E-4
5.0354004E-4 8.544922E-4 9.918213E-4
2.593994E-4 1.2207031E-4 9.918213E-4
5.0354004E-4 -1.2207031E-4 9.918213E-4
2.593994E-4 3.6621094E-4 9.918213E-4
2.593994E-4 1.2207031E-4 7.4768066E-4
5.0354004E-4 6.1035156E-4 7.4768066E-4
1.5258789E-5 8.544922E-4 9.918213E-4
2.593994E-4 8.544922E-4 9.918213E-4
2.593994E-4 0.0013427734 9.918213E-4
2.593994E-4 0.0013427734 7.4768066E-4
2.593994E-4 0.0013427734 9.918213E-4
1.5258789E-5 0.0010986328 9.918213E-4
1.5258789E-5 -1.2207031E-4 9.918213E-4
2.593994E-4 6.1035156E-4 0.0012359619
2.593994E-4 3.6621094E-4 9.918213E-4
1.5258789E-5 6.1035156E-4 7.4768066E-4
-2.2888184E-4 6.1035156E-4 9.918213E-4
2.593994E-4 6.1035156E-4 9.918213E-4
-4.8828125E-4 -3.6621094E-4 9.918213E-4
2.593994E-4 3.6621094E-4 5.0354004E-4
2.593994E-4 1.2207031E-4 0.0012359619
2.593994E-4 3.6621094E-4 9.918213E-4
1.5258789E-5 3.6621094E-4 9.918213E-4
5.0354004E-4 6.1035156E-4 9.918213E-4
7.4768066E-4 -1.2207031E-4 9.918213E-4
2.593994E-4 3.6621094E-4 9.918213E-4
2.593994E-4 -1.2207031E-4 9.918213E-4
5.0354004E-4 6.1035156E-4 9.918213E-4
2.593994E-4 6.1035156E-4 5.0354004E-4
5.0354004E-4 3.6621094E-4 9.918213E-4
5.0354004E-4 1.2207031E-4 7.4768066E-4
2.593994E-4 -1.2207031E-4 9.918213E-4
1.5258789E-5 8.544922E-4 9.918213E-4
0.0 1.2207031E-4 9.918213E-4
2.593994E-4 6.1035156E-4 0.0012359619
5.0354004E-4 0.0010986328 0.0012359619
5.0354004E-4 -1.2207031E-4 9.918213E-4
1.5258789E-5 8.544922E-4 9.918213E-4
2.593994E-4 6.1035156E-4 9.918213E-4
2.593994E-4 3.6621094E-4 9.918213E-4
5.0354004E-4 -1.2207031E-4 9.918213E-4
-6.1035156E-5 2.2888184E-4 2.4414062E-4
1.8310547E-4 4.7302246E-4 0.0
-6.1035156E-5 -1.5258789E-5 2.4414062E-4
-6.1035156E-5 -2.593994E-4 2.4414062E-4
-6.1035156E-5 4.7302246E-4 0.0
1.8310547E-4 -1.5258789E-5 0.0
-5.493164E-4 2.2888184E-4 2.4414062E-4
-6.1035156E-5 4.7302246E-4 0.0
-6.1035156E-5 4.7302246E-4 -2.4414062E-4
-6.1035156E-5 -1.5258789E-5 0.0
-6.1035156E-5 7.171631E-4 4.8828125E-4
-6.1035156E-5 4.7302246E-4 0.0
-3.0517578E-4 0.0016937256 0.0
-3.0517578E-4 9.613037E-4 -7.4768066E-4
-6.1035156E-5 2.2888184E-4 0.0
-6.1035156E-5 -1.5258789E-5 2.4414062E-4
-6.1035156E-5 2.2888184E-4 0.0
1.8310547E-4 4.7302246E-4 2.4414062E-4
1.8310547E-4 -1.5258789E-5 2.4414062E-4
1.8310547E-4 4.7302246E-4 0.0
-6.1035156E-5 -5.0354004E-4 0.0
-3.0517578E-4 7.171631E-4 2.4414062E-4
-6.1035156E-5 0.0012054443 -2.4414062E-4
-6.1035156E-5 4.7302246E-4 0.0
-6.1035156E-5 4.7302246E-4 0.0
-5.493164E-4 4.7302246E-4 0.0
-6.1035156E-5 2.2888184E-4 0.0
-6.1035156E-5 2.2888184E-4 4.8828125E-4
-6.1035156E-5 -1.5258789E-5 0.0
-6.1035156E-5 2.2888184E-4 0.0
-6.1035156E-5 -1.5258789E-5 2.4414062E-4
4.272461E-4 4.7302246E-4 2.4414062E-4
1.8310547E-4 -2.593994E-4 2.4414062E-4
-6.1035156E-5 4.7302246E-4 -2.4414062E-4
1.8310547E-4 2.2888184E-4 4.8828125E-4
-6.1035156E-5 -2.593994E-4 0.0
-6.1035156E-5 4.7302246E-4 0.0
-3.0517578E-4 4.7302246E-4 0.0
-6.1035156E-5 -2.593994E-4 2.4414062E-4
-6.1035156E-5 -5.0354004E-4 4.8828125E-4
-6.1035156E-5 2.2888184E-4 0.0
